122.000000	-13.047000	-14.850000	125.400000	-16.624000	-1.500000	122.700000	124.500000	18.700000	5.500000	92.641000	18.100000	-3.400000	18.600000	17.400000	60.000000	118.500000	20.600000
120.400000	-13.855000	-13.446000	123.500000	-13.047000	-1.600000	121.100000	122.700000	19.600000	8.250000	47.266000	18.700000	-3.100000	19.100000	18.600000	50.000000	117.000000	21.600000
118.500000	-16.356000	-15.107000	122.000000	-13.855000	-1.900000	119.300000	121.100000	20.600000	9.167000	75.835000	19.600000	-3.500000	20.200000	19.100000	40.000000	115.100000	23.500000
117.000000	-12.828000	-14.587000	120.400000	-16.356000	-1.500000	117.700000	119.300000	21.600000	9.167000	84.028000	20.600000	-3.400000	21.000000	20.200000	35.000000	114.000000	24.800000
116.200000	-4.363000	-1.318000	116.500000	1.768000	-0.500000	116.500000	115.500000	19.000000	21.083000	525.174000	16.700000	-0.300000	18.000000	15.000000	12.000000	115.000000	23.500000
113.500000	-13.055000	-1.302000	113.800000	10.366000	-1.500000	114.000000	114.500000	17.500000	-14.667000	131.293000	19.100000	-0.300000	18.500000	20.000000	12.000000	114.100000	16.400000
113.400000	-0.877000	-6.984000	115.000000	-13.055000	-0.100000	113.200000	114.000000	16.400000	-10.083000	153.141000	17.500000	-1.600000	17.000000	18.500000	15.000000	114.000000	17.600000
114.100000	6.156000	2.631000	113.500000	-0.877000	0.700000	113.800000	113.200000	16.400000	0.000000	25.418000	16.400000	0.600000	16.200000	17.000000	20.000000	112.600000	17.200000
114.000000	-0.877000	2.630000	113.400000	6.156000	-0.100000	114.100000	113.800000	17.600000	11.000000	30.250000	16.400000	0.600000	17.000000	16.200000	20.000000	113.100000	18.300000
112.600000	-12.246000	-6.582000	114.100000	-0.877000	-1.400000	113.200000	114.100000	17.200000	-3.667000	13.444000	17.600000	-1.500000	17.700000	17.000000	20.000000	112.200000	19.600000
113.100000	4.365000	-3.924000	114.000000	-12.246000	0.500000	113.000000	113.200000	18.300000	10.083000	10.293000	17.200000	-0.900000	17.800000	17.700000	20.000000	112.800000	20.600000
112.200000	-7.803000	-1.740000	112.600000	4.365000	-0.900000	112.800000	113.000000	19.600000	11.917000	121.000000	18.300000	-0.400000	18.900000	17.800000	20.000000	114.100000	21.200000
112.800000	5.165000	-1.297000	113.100000	-7.803000	0.600000	112.100000	112.800000	20.600000	9.167000	111.127000	19.600000	-0.300000	20.100000	18.900000	20.000000	115.200000	21.800000
114.100000	11.133000	8.162000	112.200000	5.165000	1.300000	113.400000	112.100000	21.200000	5.500000	53.778000	20.600000	1.900000	21.100000	20.100000	20.000000	116.400000	22.000000
115.200000	9.382000	10.256000	112.800000	11.133000	1.100000	114.700000	113.400000	21.800000	5.500000	30.250000	21.200000	2.400000	21.500000	21.100000	15.000000	118.400000	21.800000
122.300000	-19.475000	-20.822000	127.000000	-22.177000	-2.200000	123.400000	125.800000	15.300000	4.583000	17.016000	14.800000	-4.700000	15.200000	14.700000	25.000000	117.000000	17.800000
120.200000	-18.527000	-18.992000	124.500000	-19.475000	-2.100000	121.300000	123.400000	16.200000	8.250000	41.174000	15.300000	-4.300000	15.700000	15.200000	25.000000	113.500000	19.600000
117.000000	-28.052000	-23.285000	122.300000	-18.527000	-3.200000	119.000000	121.300000	17.800000	14.667000	131.294000	16.200000	-5.300000	16.800000	15.700000	25.000000	111.200000	20.400000
113.500000	-30.390000	-29.222000	120.200000	-28.052000	-3.500000	115.200000	119.000000	19.600000	16.500000	242.840000	17.800000	-6.700000	18.800000	16.800000	25.000000	109.300000	21.300000
111.200000	-19.812000	-25.120000	117.000000	-30.390000	-2.300000	112.200000	115.200000	20.400000	7.333000	142.007000	19.600000	-5.800000	20.100000	18.800000	20.000000	106.300000	22.300000
122.700000	-11.673000	-14.362000	125.900000	-17.073000	-1.300000	123.200000	125.000000	11.900000	5.500000	3.361000	11.300000	-3.200000	11.600000	11.000000	10.000000	119.400000	12.200000
120.800000	-17.033000	-14.359000	124.000000	-11.673000	-1.900000	121.600000	123.200000	12.200000	2.750000	17.016000	11.900000	-3.200000	11.800000	11.600000	12.000000	119.400000	12.200000
119.400000	-12.544000	-14.792000	122.700000	-17.033000	-1.400000	120.000000	121.600000	12.200000	0.000000	1.891000	12.200000	-3.300000	12.000000	11.800000	15.000000	119.300000	12.800000
119.400000	0.000000	-6.272000	120.800000	-12.544000	0.000000	119.400000	120.000000	12.200000	0.000000	0.000000	12.200000	-1.400000	12.200000	12.000000	15.000000	118.900000	12.800000
119.300000	-0.895000	-0.447000	119.400000	0.000000	-0.100000	119.400000	119.400000	12.800000	5.500000	7.563000	12.200000	-0.100000	12.500000	12.200000	20.000000	118.800000	12.800000
118.900000	-3.576000	-2.237000	119.400000	-0.895000	-0.400000	118.900000	119.400000	12.800000	0.000000	7.563000	12.800000	-0.500000	12.800000	12.500000	30.000000	119.300000	13.300000
118.800000	-0.894000	-2.235000	119.300000	-3.576000	-0.100000	118.800000	118.900000	12.800000	0.000000	0.000000	12.800000	-0.500000	12.800000	12.800000	35.000000	119.700000	15.100000
119.300000	4.465000	1.786000	118.900000	-0.894000	0.500000	119.000000	118.800000	13.300000	4.583000	5.252000	12.800000	0.400000	13.000000	12.800000	40.000000	120.300000	17.200000
119.700000	3.555000	4.003000	118.800000	4.465000	0.400000	119.500000	119.000000	15.100000	16.500000	111.127000	13.300000	0.900000	14.100000	13.000000	35.000000	120.000000	18.900000
120.300000	5.283000	4.422000	119.300000	3.555000	0.600000	119.700000	119.500000	17.200000	19.250000	319.516000	15.100000	1.000000	15.900000	14.100000	30.000000	120.500000	19.900000
120.000000	-2.615000	1.315000	119.700000	5.283000	-0.300000	120.100000	119.700000	18.900000	15.583000	303.340000	17.200000	0.300000	18.300000	15.900000	20.000000	121.900000	21.100000
120.500000	4.323000	0.869000	120.300000	-2.615000	0.500000	120.200000	120.100000	19.900000	9.167000	153.140000	18.900000	0.200000	19.500000	18.300000	20.000000	124.000000	21.800000
121.900000	12.021000	8.183000	120.000000	4.323000	1.400000	121.300000	120.200000	21.100000	11.000000	101.674000	19.900000	1.900000	20.500000	19.500000	20.000000	127.000000	23.100000
116.000000	-17.555000	-8.778000	118.000000	0.000000	-2.000000	117.100000	118.000000	16.500000	-4.583000	5.252000	17.000000	-2.000000	16.800000	17.000000	20.000000	111.000000	16.100000
113.800000	-19.331000	-18.428000	118.000000	-17.555000	-2.200000	114.900000	117.100000	16.600000	0.917000	3.361000	16.500000	-4.200000	16.500000	16.800000	25.000000	109.000000	15.700000
111.000000	-24.629000	-21.996000	116.000000	-19.331000	-2.800000	112.500000	114.900000	16.100000	-4.583000	3.361000	16.600000	-5.000000	16.500000	16.500000	25.000000	106.200000	15.600000
122.300000	-13.378000	-12.489000	125.100000	-11.604000	-1.500000	123.000000	124.200000	13.500000	2.750000	3.361000	13.200000	-2.800000	13.400000	13.100000	25.000000	119.000000	14.900000
120.500000	-16.013000	-14.688000	123.800000	-13.378000	-1.800000	121.600000	123.000000	14.400000	8.250000	30.250000	13.500000	-3.300000	13.800000	13.400000	25.000000	117.500000	15.400000
119.000000	-13.303000	-14.663000	122.300000	-16.013000	-1.500000	119.700000	121.600000	14.900000	4.583000	41.174000	14.400000	-3.300000	14.700000	13.800000	25.000000	116.200000	15.700000
117.500000	-13.272000	-13.288000	120.500000	-13.303000	-1.500000	118.200000	119.700000	15.400000	4.583000	21.007000	14.900000	-3.000000	15.100000	14.700000	25.000000	115.100000	16.000000
116.200000	-11.481000	-12.378000	119.000000	-13.272000	-1.300000	116.800000	118.200000	15.700000	2.750000	13.444000	15.400000	-2.800000	15.500000	15.100000	30.000000	114.100000	16.400000
115.100000	-9.700000	-10.590000	117.500000	-11.481000	-1.100000	115.600000	116.800000	16.000000	2.750000	7.562000	15.700000	-2.400000	15.900000	15.500000	30.000000	113.500000	17.100000
114.100000	-8.803000	-9.250000	116.200000	-9.700000	-1.000000	114.700000	115.600000	16.400000	3.667000	10.293000	16.000000	-2.100000	16.300000	15.900000	35.000000	113.100000	17.700000
113.500000	-5.267000	-7.030000	115.100000	-8.803000	-0.600000	113.900000	114.700000	17.100000	6.417000	25.418000	16.400000	-1.600000	16.800000	16.300000	40.000000	112.600000	18.500000
113.100000	-3.499000	-4.382000	114.100000	-5.267000	-0.400000	113.300000	113.900000	17.700000	5.500000	35.502000	17.100000	-1.000000	17.400000	16.800000	40.000000	112.100000	19.200000
112.600000	-4.357000	-3.928000	113.500000	-3.499000	-0.500000	112.800000	113.300000	18.500000	7.333000	41.174000	17.700000	-0.900000	18.000000	17.400000	40.000000	111.400000	19.700000
112.100000	-4.338000	-4.348000	113.100000	-4.357000	-0.500000	112.400000	112.800000	19.200000	6.417000	47.266000	18.500000	-1.000000	18.900000	18.000000	40.000000	110.200000	20.400000
111.400000	-6.050000	-5.197000	112.600000	-4.338000	-0.700000	112.000000	112.400000	19.700000	4.583000	30.250000	19.200000	-1.200000	19.500000	18.900000	40.000000	108.800000	21.300000
110.200000	-10.333000	-8.194000	112.100000	-6.050000	-1.200000	110.800000	112.000000	20.400000	6.417000	30.250000	19.700000	-1.900000	20.100000	19.500000	40.000000	107.400000	22.000000
121.500000	-22.302000	-19.192000	125.800000	-16.080000	-2.500000	123.000000	125.000000	13.500000	3.667000	10.293000	13.100000	-4.300000	13.400000	13.000000	15.000000	116.000000	15.700000
117.500000	-35.585000	-28.938000	124.000000	-22.302000	-4.000000	118.900000	123.000000	14.400000	8.250000	35.502000	13.500000	-6.500000	13.900000	13.400000	20.000000	113.900000	17.000000
116.000000	-13.278000	-24.394000	121.500000	-35.585000	-1.500000	116.500000	118.900000	15.700000	11.917000	101.674000	14.400000	-5.500000	15.200000	13.900000	25.000000	112.100000	18.000000
113.900000	-18.472000	-15.884000	117.500000	-13.278000	-2.100000	115.500000	116.500000	17.000000	11.917000	142.007000	15.700000	-3.600000	16.200000	15.200000	25.000000	111.300000	19.500000
112.100000	-15.736000	-17.108000	116.000000	-18.472000	-1.800000	112.600000	115.500000	18.000000	9.167000	111.127000	17.000000	-3.900000	17.500000	16.200000	30.000000	110.400000	20.300000
111.300000	-6.944000	-11.317000	113.900000	-15.736000	-0.800000	111.700000	112.600000	19.500000	13.750000	131.293000	18.000000	-2.600000	18.700000	17.500000	20.000000	109.000000	21.000000
121.200000	-19.580000	-18.726000	125.400000	-17.860000	-2.200000	122.300000	124.500000	14.200000	6.417000	53.778000	13.500000	-4.200000	13.900000	13.000000	30.000000	116.800000	16.700000
119.400000	-15.953000	-17.753000	123.400000	-19.580000	-1.800000	120.500000	122.300000	15.400000	11.000000	75.835000	14.200000	-4.000000	14.500000	13.900000	30.000000	114.600000	17.700000
116.800000	-22.904000	-19.438000	121.200000	-15.953000	-2.600000	117.900000	120.500000	16.700000	11.917000	131.294000	15.400000	-4.400000	16.100000	14.500000	30.000000	112.200000	19.000000
114.600000	-19.265000	-21.089000	119.400000	-22.904000	-2.200000	115.600000	117.900000	17.700000	9.167000	111.127000	16.700000	-4.800000	17.300000	16.100000	35.000000	109.800000	19.700000
112.200000	-20.881000	-20.068000	116.800000	-19.265000	-2.400000	113.300000	115.600000	19.000000	11.917000	111.127000	17.700000	-4.600000	18.400000	17.300000	35.000000	107.300000	20.900000
109.800000	-20.757000	-20.839000	114.600000	-20.881000	-2.400000	111.000000	113.300000	19.700000	6.417000	84.028000	19.000000	-4.800000	19.400000	18.400000	35.000000	103.000000	21.400000
115.600000	3.522000	0.882000	115.400000	-1.768000	0.400000	115.300000	115.300000	16.600000	8.250000	47.266000	15.700000	0.200000	16.200000	15.400000	12.000000	116.800000	18.000000
116.300000	6.138000	4.834000	115.200000	3.522000	0.700000	116.000000	115.300000	17.300000	6.417000	53.778000	16.600000	1.100000	17.000000	16.200000	12.000000	117.200000	18.700000
116.800000	4.368000	5.251000	115.600000	6.138000	0.500000	116.800000	116.000000	18.000000	6.417000	41.174000	17.300000	1.200000	17.700000	17.000000	12.000000	119.000000	19.300000
117.200000	3.480000	3.923000	116.300000	4.368000	0.400000	116.900000	116.800000	18.700000	6.417000	41.174000	18.000000	0.900000	18.300000	17.700000	15.000000	121.500000	19.800000
119.000000	15.601000	9.554000	116.800000	3.480000	1.800000	117.800000	116.900000	19.300000	5.500000	35.502000	18.700000	2.200000	19.000000	18.300000	15.000000	124.200000	19.900000
121.500000	21.596000	18.606000	117.200000	15.601000	2.500000	120.300000	117.800000	19.800000	4.583000	25.418000	19.300000	4.300000	19.600000	19.000000	15.000000	128.300000	21.000000
122.100000	-16.541000	-17.034000	126.000000	-17.513000	-1.900000	123.000000	124.900000	18.700000	8.250000	92.641000	17.800000	-3.900000	18.300000	17.200000	60.000000	118.300000	19.800000
120.200000	-16.473000	-16.517000	124.000000	-16.541000	-1.900000	121.100000	123.000000	19.200000	4.583000	41.174000	18.700000	-3.800000	19.000000	18.300000	45.000000	116.700000	20.300000
118.300000	-16.418000	-16.443000	122.100000	-16.473000	-1.900000	119.100000	121.100000	19.800000	5.500000	25.418000	19.200000	-3.800000	19.600000	19.000000	45.000000	115.000000	21.200000
116.700000	-13.778000	-15.098000	120.200000	-16.418000	-1.600000	117.500000	119.100000	20.300000	4.583000	25.418000	19.800000	-3.500000	20.000000	19.600000	45.000000	113.700000	22.100000
115.000000	-14.572000	-14.167000	118.300000	-13.778000	-1.700000	115.900000	117.500000	21.200000	8.250000	41.174000	20.300000	-3.300000	20.800000	20.000000	45.000000	113.000000	23.600000
115.000000	-13.039000	-10.898000	117.500000	-8.742000	-1.500000	115.800000	117.000000	19.000000	9.167000	84.028000	18.000000	-2.500000	18.600000	17.500000	15.000000	111.100000	19.500000
112.700000	-19.917000	-16.502000	116.500000	-13.039000	-2.300000	113.700000	115.800000	19.300000	2.750000	35.502000	19.000000	-3.800000	19.200000	18.600000	20.000000	109.100000	20.100000
111.100000	-13.834000	-16.876000	115.000000	-19.917000	-1.600000	112.000000	113.700000	19.500000	1.833000	5.252000	19.300000	-3.900000	19.400000	19.200000	30.000000	107.200000	20.300000
109.100000	-17.249000	-15.534000	112.700000	-13.834000	-2.000000	110.200000	112.000000	20.100000	5.500000	13.444000	19.500000	-3.600000	19.900000	19.400000	25.000000	104.500000	20.400000
119.200000	-26.401000	-23.368000	124.500000	-20.287000	-3.000000	120.900000	123.500000	16.300000	0.917000	17.016000	16.200000	-5.300000	16.200000	15.900000	15.000000	116.500000	18.000000
117.600000	-14.048000	-20.199000	122.200000	-26.401000	-1.600000	118.200000	120.900000	17.100000	7.333000	17.016000	16.300000	-4.600000	16.800000	16.200000	15.000000	115.500000	19.000000
116.500000	-9.614000	-11.825000	119.200000	-14.048000	-1.100000	117.000000	118.200000	18.000000	8.250000	60.710000	17.100000	-2.700000	17.400000	16.800000	20.000000	114.000000	20.200000
115.500000	-8.693000	-9.151000	117.600000	-9.614000	-1.000000	116.000000	117.000000	19.000000	9.167000	75.835000	18.000000	-2.100000	18.500000	17.400000	20.000000	112.100000	21.200000
114.000000	-12.953000	-10.828000	116.500000	-8.693000	-1.500000	114.600000	116.000000	20.200000	11.000000	101.674000	19.000000	-2.500000	19.500000	18.500000	25.000000	110.500000	22.300000
118.500000	-4.308000	2.156000	118.000000	8.636000	-0.500000	119.000000	118.500000	20.200000	4.583000	10.293000	19.700000	0.500000	19.700000	19.800000	12.000000	116.300000	19.000000
117.400000	-9.469000	-6.898000	119.000000	-4.308000	-1.100000	118.000000	119.000000	20.000000	-1.833000	1.891000	20.200000	-1.600000	20.200000	19.700000	20.000000	115.900000	18.500000
116.300000	-9.505000	-9.499000	118.500000	-9.469000	-1.100000	116.800000	118.000000	19.000000	-9.167000	30.250000	20.000000	-2.200000	19.500000	20.200000	20.000000	115.000000	18.500000
115.900000	-3.472000	-6.491000	117.400000	-9.505000	-0.400000	116.100000	116.800000	18.500000	-4.583000	47.266000	19.000000	-1.500000	18.600000	19.500000	25.000000	113.500000	18.500000
115.000000	-7.824000	-5.642000	116.300000	-3.472000	-0.900000	115.600000	116.100000	18.500000	0.000000	5.252000	18.500000	-1.300000	18.500000	18.600000	25.000000	112.400000	18.300000
113.500000	-13.039000	-10.432000	115.900000	-7.824000	-1.500000	114.200000	115.600000	18.500000	0.000000	0.000000	18.500000	-2.400000	18.700000	18.500000	25.000000	112.000000	18.600000
112.400000	-9.568000	-11.307000	115.000000	-13.039000	-1.100000	112.700000	114.200000	18.300000	-1.833000	0.840000	18.500000	-2.600000	18.300000	18.700000	25.000000	112.300000	19.400000
112.000000	-3.478000	-6.518000	113.500000	-9.568000	-0.400000	112.100000	112.700000	18.600000	2.750000	0.210000	18.300000	-1.500000	18.400000	18.300000	30.000000	113.300000	20.700000
112.300000	2.600000	-0.434000	112.400000	-3.478000	0.300000	111.900000	112.100000	19.400000	7.333000	25.418000	18.600000	-0.100000	18.800000	18.400000	30.000000	114.200000	21.900000
113.300000	8.611000	5.611000	112.000000	2.600000	1.000000	112.800000	111.900000	20.700000	11.917000	92.641000	19.400000	1.300000	19.900000	18.800000	25.000000	115.400000	24.000000
121.500000	-17.386000	-19.582000	126.000000	-21.795000	-2.000000	122.500000	124.600000	18.800000	5.500000	21.007000	18.200000	-4.500000	18.400000	17.900000	25.000000	118.000000	20.700000
119.200000	-19.911000	-18.646000	123.500000	-17.386000	-2.300000	120.100000	122.500000	19.600000	7.333000	41.174000	18.800000	-4.300000	19.100000	18.400000	25.000000	116.900000	22.000000
118.000000	-10.327000	-15.098000	121.500000	-19.911000	-1.200000	118.500000	120.100000	20.700000	10.083000	75.835000	19.600000	-3.500000	20.000000	19.100000	25.000000	115.500000	23.400000
116.900000	-9.391000	-9.855000	119.200000	-10.327000	-1.100000	117.500000	118.500000	22.000000	11.917000	121.000000	20.700000	-2.300000	21.400000	20.000000	30.000000	114.200000	24.700000
121.800000	-20.737000	-23.013000	126.900000	-25.300000	-2.300000	122.600000	125.600000	10.800000	7.333000	41.174000	10.000000	-5.100000	10.300000	9.600000	35.000000	118.500000	13.700000
120.100000	-15.276000	-17.996000	124.100000	-20.737000	-1.700000	120.800000	122.600000	12.000000	11.000000	84.028000	10.800000	-4.000000	11.400000	10.300000	25.000000	116.600000	15.100000
118.500000	-14.299000	-14.781000	121.800000	-15.276000	-1.600000	119.500000	120.800000	13.700000	15.583000	176.668000	12.000000	-3.300000	12.800000	11.400000	30.000000	114.400000	16.800000
116.600000	-16.870000	-15.595000	120.100000	-14.299000	-1.900000	117.500000	119.500000	15.100000	12.833000	201.877000	13.700000	-3.500000	14.300000	12.800000	30.000000	112.200000	18.400000
114.400000	-19.390000	-18.130000	118.500000	-16.870000	-2.200000	115.500000	117.500000	16.800000	15.583000	201.877000	15.100000	-4.100000	16.000000	14.300000	40.000000	110.200000	20.100000
112.200000	-19.223000	-19.311000	116.600000	-19.390000	-2.200000	113.200000	115.500000	18.400000	14.667000	228.766000	16.800000	-4.400000	17.400000	16.000000	45.000000	108.700000	21.700000
110.200000	-17.308000	-18.261000	114.400000	-19.223000	-2.000000	111.200000	113.200000	20.100000	15.583000	228.766000	18.400000	-4.200000	19.100000	17.400000	40.000000	107.400000	23.400000
117.500000	-9.568000	-9.579000	119.700000	-9.590000	-1.100000	118.100000	119.000000	18.600000	3.667000	13.444000	18.200000	-2.200000	18.400000	18.000000	15.000000	114.500000	18.500000
115.800000	-14.756000	-12.167000	118.600000	-9.568000	-1.700000	116.900000	118.100000	18.900000	2.750000	10.293000	18.600000	-2.800000	18.800000	18.400000	15.000000	113.000000	17.600000
114.500000	-11.288000	-13.036000	117.500000	-14.756000	-1.300000	115.000000	116.900000	18.500000	-3.667000	0.210000	18.900000	-3.000000	19.000000	18.800000	15.000000	111.000000	16.200000
113.000000	-13.073000	-12.188000	115.800000	-11.288000	-1.500000	113.500000	115.000000	17.600000	-8.250000	35.502000	18.500000	-2.800000	18.100000	19.000000	15.000000	111.000000	15.000000
111.000000	-17.542000	-15.312000	114.500000	-13.073000	-2.000000	112.000000	113.500000	16.200000	-12.833000	111.127000	17.600000	-3.500000	16.700000	18.100000	15.000000	110.200000	14.800000
111.000000	0.000000	-8.798000	113.000000	-17.542000	0.000000	110.600000	112.000000	15.000000	-11.000000	142.007000	16.200000	-2.000000	15.900000	16.700000	15.000000	108.200000	15.800000
120.600000	-24.855000	-31.164000	127.600000	-37.528000	-2.800000	121.500000	125.300000	15.300000	15.583000	201.877000	13.600000	-7.000000	14.500000	12.700000	15.000000	117.800000	17.200000
118.900000	-14.983000	-19.913000	123.400000	-24.855000	-1.700000	119.500000	121.500000	16.600000	11.917000	189.062000	15.300000	-4.500000	16.200000	14.500000	15.000000	116.000000	17.400000
117.800000	-9.648000	-12.321000	120.600000	-14.983000	-1.100000	118.200000	119.500000	17.200000	5.500000	75.835000	16.600000	-2.800000	17.000000	16.200000	15.000000	115.000000	18.000000
116.000000	-15.754000	-12.711000	118.900000	-9.648000	-1.800000	117.000000	118.200000	17.400000	1.833000	13.444000	17.200000	-2.900000	17.300000	17.000000	15.000000	114.800000	19.500000
115.000000	-8.733000	-12.233000	117.800000	-15.754000	-1.000000	115.400000	117.000000	18.000000	5.500000	13.444000	17.400000	-2.800000	17.700000	17.300000	15.000000	115.800000	22.300000
111.800000	6.094000	5.665000	110.500000	5.240000	0.700000	111.400000	110.500000	18.600000	6.417000	25.418000	17.900000	1.300000	18.200000	17.500000	10.000000	113.000000	20.400000
112.600000	6.925000	6.506000	111.100000	6.094000	0.800000	112.200000	111.400000	19.800000	11.000000	75.835000	18.600000	1.500000	19.300000	18.200000	10.000000	112.300000	20.300000
113.000000	3.443000	5.185000	111.800000	6.925000	0.400000	112.900000	112.200000	20.400000	5.500000	68.062000	19.800000	1.200000	20.100000	19.300000	12.000000	113.300000	19.900000
112.300000	-6.016000	-1.292000	112.600000	3.443000	-0.700000	112.600000	112.900000	20.300000	-0.917000	5.252000	20.400000	-0.300000	20.700000	20.100000	15.000000	113.600000	20.100000
113.300000	8.608000	1.291000	113.000000	-6.016000	1.000000	112.900000	112.600000	19.900000	-3.667000	5.252000	20.300000	0.300000	19.800000	20.700000	15.000000	113.600000	20.800000
113.600000	2.584000	5.592000	112.300000	8.608000	0.300000	113.600000	112.900000	20.100000	1.833000	0.840000	19.900000	1.300000	20.100000	19.800000	12.000000	113.400000	21.100000
113.600000	0.000000	1.289000	113.300000	2.584000	0.000000	113.700000	113.600000	20.800000	6.417000	17.016000	20.100000	0.300000	20.500000	20.100000	12.000000	112.800000	21.400000
113.400000	-1.712000	-0.858000	113.600000	0.000000	-0.200000	113.400000	113.700000	21.100000	2.750000	21.007000	20.800000	-0.200000	21.100000	20.500000	12.000000	112.600000	21.800000
112.800000	-5.126000	-3.421000	113.600000	-1.712000	-0.600000	113.100000	113.400000	21.400000	2.750000	7.562000	21.100000	-0.800000	21.200000	21.100000	15.000000	111.200000	21.800000
112.600000	-1.705000	-3.413000	113.400000	-5.126000	-0.200000	112.800000	113.100000	21.800000	3.667000	10.293000	21.400000	-0.800000	21.400000	21.200000	15.000000	109.200000	22.200000
111.200000	-11.916000	-6.818000	112.800000	-1.705000	-1.400000	112.000000	112.800000	21.800000	0.000000	3.361000	21.800000	-1.600000	22.100000	21.400000	12.000000	107.000000	22.000000
115.800000	-20.191000	-17.626000	120.000000	-15.074000	-2.400000	116.600000	119.300000	23.100000	-5.500000	30.250000	23.700000	-4.200000	23.200000	24.000000	10.000000	113.700000	22.800000
114.500000	-10.945000	-15.540000	118.200000	-20.191000	-1.300000	115.000000	116.600000	23.500000	3.667000	0.840000	23.100000	-3.700000	23.200000	23.200000	10.000000	113.100000	22.000000
113.700000	-6.743000	-8.863000	115.800000	-10.945000	-0.800000	113.900000	115.000000	22.800000	-6.417000	1.891000	23.500000	-2.100000	23.800000	23.200000	10.000000	110.800000	21.600000
113.100000	-5.085000	-5.917000	114.500000	-6.743000	-0.600000	113.600000	113.900000	22.000000	-7.333000	47.266000	22.800000	-1.400000	22.000000	23.800000	10.000000	109.700000	20.800000
110.800000	-19.576000	-12.306000	113.700000	-5.085000	-2.300000	112.400000	113.600000	21.600000	-3.667000	30.250000	22.000000	-2.900000	21.900000	22.000000	10.000000	108.300000	20.500000
109.700000	-9.401000	-14.509000	113.100000	-19.576000	-1.100000	110.200000	112.400000	20.800000	-7.333000	30.250000	21.600000	-3.400000	21.200000	21.900000	10.000000	107.200000	20.500000
108.300000	-12.009000	-10.694000	110.800000	-9.401000	-1.400000	108.800000	110.200000	20.500000	-2.750000	25.418000	20.800000	-2.500000	20.700000	21.200000	15.000000	107.000000	20.600000
107.200000	-9.445000	-10.722000	109.700000	-12.009000	-1.100000	107.600000	108.800000	20.500000	0.000000	1.891000	20.500000	-2.500000	20.400000	20.700000	15.000000	108.000000	20.900000
107.000000	-1.717000	-5.579000	108.300000	-9.445000	-0.200000	107.000000	107.600000	20.600000	0.917000	0.210000	20.500000	-1.300000	20.600000	20.400000	15.000000	108.600000	21.000000
108.000000	8.572000	3.430000	107.200000	-1.717000	1.000000	107.200000	107.000000	20.900000	2.750000	3.361000	20.600000	0.800000	20.800000	20.600000	15.000000	109.500000	21.200000
108.600000	5.136000	6.855000	107.000000	8.572000	0.600000	108.300000	107.200000	21.000000	0.917000	3.361000	20.900000	1.600000	21.000000	20.800000	15.000000	110.500000	21.600000
109.500000	7.697000	6.416000	108.000000	5.136000	0.900000	108.900000	108.300000	21.200000	1.833000	1.891000	21.000000	1.500000	21.000000	21.000000	25.000000	109.100000	22.400000
110.500000	8.535000	8.113000	108.600000	7.697000	1.000000	110.300000	108.900000	21.600000	3.667000	7.563000	21.200000	1.900000	21.000000	21.000000	20.000000	108.200000	22.000000
109.100000	-11.899000	-1.702000	109.500000	8.535000	-1.400000	110.200000	110.300000	22.400000	7.333000	30.250000	21.600000	-0.400000	22.200000	21.000000	12.000000	106.800000	22.000000
108.200000	-7.638000	-9.788000	110.500000	-11.899000	-0.900000	108.500000	110.200000	22.000000	-3.667000	3.361000	22.400000	-2.300000	22.300000	22.200000	12.000000	106.300000	21.000000
106.800000	-11.899000	-9.760000	109.100000	-7.638000	-1.400000	107.800000	108.500000	22.000000	0.000000	3.361000	22.000000	-2.300000	22.200000	22.300000	12.000000	107.100000	21.200000
106.300000	-4.264000	-8.102000	108.200000	-11.899000	-0.500000	106.000000	107.800000	21.000000	-9.167000	21.007000	22.000000	-1.900000	21.500000	22.200000	10.000000	107.400000	21.200000
107.100000	6.842000	1.278000	106.800000	-4.264000	0.800000	106.700000	106.000000	21.200000	1.833000	13.444000	21.000000	0.300000	21.100000	21.500000	10.000000	107.400000	21.200000
107.400000	2.564000	4.704000	106.300000	6.842000	0.300000	107.100000	106.700000	21.200000	0.000000	0.840000	21.200000	1.100000	21.200000	21.100000	10.000000	108.400000	21.000000
107.400000	0.000000	1.282000	107.100000	2.564000	0.000000	107.400000	107.100000	21.200000	0.000000	0.000000	21.200000	0.300000	21.200000	21.200000	10.000000	109.000000	21.000000
122.800000	-13.243000	-15.027000	126.200000	-16.827000	-1.500000	123.500000	125.300000	16.000000	7.333000	35.502000	15.200000	-3.400000	15.500000	14.800000	25.000000	118.800000	18.000000
121.400000	-12.305000	-12.770000	124.300000	-13.243000	-1.400000	122.300000	123.500000	17.000000	9.167000	68.063000	16.000000	-2.900000	16.400000	15.500000	30.000000	116.000000	19.200000
118.800000	-22.730000	-17.532000	122.800000	-12.305000	-2.600000	120.000000	122.300000	18.000000	9.167000	84.028000	17.000000	-4.000000	17.500000	16.400000	30.000000	114.200000	19.500000
116.000000	-24.326000	-23.525000	121.400000	-22.730000	-2.800000	117.200000	120.000000	19.200000	11.000000	101.674000	18.000000	-5.400000	18.600000	17.500000	30.000000	113.100000	20.600000
114.200000	-15.568000	-19.964000	118.800000	-24.326000	-1.800000	115.000000	117.200000	19.500000	2.750000	47.266000	19.200000	-4.600000	19.400000	18.600000	30.000000	112.200000	22.000000
113.100000	-9.472000	-12.498000	116.000000	-15.568000	-1.100000	113.400000	115.000000	20.600000	10.083000	41.174000	19.500000	-2.900000	20.000000	19.400000	35.000000	110.500000	23.200000
112.200000	-7.686000	-8.572000	114.200000	-9.472000	-0.900000	112.600000	113.400000	22.000000	12.833000	131.293000	20.600000	-2.000000	21.300000	20.000000	40.000000	109.100000	24.000000
110.500000	-14.387000	-11.057000	113.100000	-7.686000	-1.700000	111.300000	112.600000	23.200000	11.000000	142.007000	22.000000	-2.600000	22.700000	21.300000	20.000000	107.000000	24.200000
112.700000	-9.671000	-12.348000	115.500000	-15.042000	-1.100000	113.100000	114.900000	17.100000	11.917000	142.007000	15.800000	-2.800000	16.700000	15.200000	20.000000	111.600000	19.400000
112.000000	-6.113000	-7.887000	113.800000	-9.671000	-0.700000	112.200000	113.100000	18.300000	11.000000	131.294000	17.100000	-1.800000	17.800000	16.700000	20.000000	111.000000	20.500000
111.600000	-3.470000	-4.788000	112.700000	-6.113000	-0.400000	111.900000	112.200000	19.400000	10.083000	111.127000	18.300000	-1.100000	19.000000	17.800000	20.000000	110.300000	21.300000
111.000000	-5.170000	-4.323000	112.000000	-3.470000	-0.600000	111.400000	111.900000	20.500000	10.083000	101.674000	19.400000	-1.000000	19.900000	19.000000	25.000000	110.100000	22.200000
110.300000	-5.994000	-5.586000	111.600000	-5.170000	-0.700000	110.600000	111.400000	21.300000	7.333000	75.835000	20.500000	-1.300000	20.800000	19.900000	25.000000	111.500000	23.300000
110.100000	-1.703000	-3.842000	111.000000	-5.994000	-0.200000	110.000000	110.600000	22.200000	8.250000	60.710000	21.300000	-0.900000	21.600000	20.800000	20.000000	114.000000	23.900000
117.000000	-13.047000	-10.943000	119.500000	-8.782000	-1.500000	117.900000	119.500000	19.000000	11.000000	257.335000	17.800000	-2.500000	18.600000	16.500000	12.000000	115.400000	19.100000
116.000000	-8.670000	-10.876000	118.500000	-13.047000	-1.000000	116.400000	117.900000	18.900000	-0.917000	25.418000	19.000000	-2.500000	18.800000	18.600000	15.000000	113.800000	18.600000
115.400000	-5.200000	-6.932000	117.000000	-8.670000	-0.600000	115.700000	116.400000	19.100000	1.833000	0.210000	18.900000	-1.600000	19.000000	18.800000	15.000000	112.100000	18.600000
113.800000	-13.880000	-9.548000	116.000000	-5.200000	-1.600000	114.800000	115.700000	18.600000	-4.583000	1.891000	19.100000	-2.200000	19.000000	19.000000	20.000000	110.700000	18.800000
112.100000	-14.769000	-14.314000	115.400000	-13.880000	-1.700000	112.800000	114.800000	18.600000	0.000000	5.252000	18.600000	-3.300000	18.800000	19.000000	25.000000	109.300000	18.200000
110.700000	-12.156000	-13.458000	113.800000	-14.769000	-1.400000	111.300000	112.800000	18.800000	1.833000	0.840000	18.600000	-3.100000	18.700000	18.800000	35.000000	108.600000	18.100000
109.300000	-12.170000	-12.177000	112.100000	-12.156000	-1.400000	109.900000	111.300000	18.200000	-5.500000	3.361000	18.800000	-2.800000	18.500000	18.700000	25.000000	107.500000	18.000000
108.600000	-6.097000	-9.130000	110.700000	-12.170000	-0.700000	108.900000	109.900000	18.100000	-0.917000	10.293000	18.200000	-2.100000	18.100000	18.500000	25.000000	106.300000	17.800000
107.500000	-9.587000	-7.842000	109.300000	-6.097000	-1.100000	108.300000	108.900000	18.000000	-0.917000	0.840000	18.100000	-1.800000	18.100000	18.100000	20.000000	105.200000	17.600000
122.200000	-13.965000	-15.287000	125.700000	-16.615000	-1.600000	122.800000	124.700000	18.000000	3.667000	10.293000	17.600000	-3.500000	17.900000	17.400000	50.000000	119.400000	19.500000
120.700000	-13.055000	-13.505000	123.800000	-13.965000	-1.500000	121.300000	122.800000	18.600000	5.500000	21.007000	18.000000	-3.100000	18.100000	17.900000	45.000000	118.000000	20.500000
119.400000	-11.264000	-12.152000	122.200000	-13.055000	-1.300000	120.000000	121.300000	19.500000	8.250000	47.266000	18.600000	-2.800000	19.000000	18.100000	40.000000	116.400000	22.000000
118.000000	-12.059000	-11.662000	120.700000	-11.264000	-1.400000	118.700000	120.000000	20.500000	9.167000	75.835000	19.500000	-2.700000	19.900000	19.000000	35.000000	114.800000	22.800000
116.400000	-13.669000	-12.858000	119.400000	-12.059000	-1.600000	117.300000	118.700000	22.000000	13.750000	131.293000	20.500000	-3.000000	21.300000	19.900000	35.000000	113.200000	23.600000
114.800000	-13.560000	-13.632000	118.000000	-13.669000	-1.600000	115.800000	117.300000	22.800000	7.333000	111.127000	22.000000	-3.200000	22.700000	21.300000	30.000000	111.500000	24.000000
111.400000	-1.738000	0.871000	111.200000	3.495000	-0.200000	111.500000	111.500000	19.200000	11.000000	84.028000	18.000000	0.200000	18.600000	17.600000	15.000000	109.500000	21.400000
110.600000	-6.904000	-4.331000	111.600000	-1.738000	-0.800000	111.200000	111.500000	20.200000	9.167000	101.674000	19.200000	-1.000000	19.900000	18.600000	20.000000	108.300000	22.300000
109.500000	-9.426000	-8.167000	111.400000	-6.904000	-1.100000	110.000000	111.200000	21.400000	11.000000	101.674000	20.200000	-1.900000	20.800000	19.900000	20.000000	107.400000	22.400000
108.300000	-10.210000	-9.825000	110.600000	-9.426000	-1.200000	109.000000	110.000000	22.300000	8.250000	92.641000	21.400000	-2.300000	21.800000	20.800000	20.000000	107.000000	22.000000
107.400000	-7.630000	-8.930000	109.500000	-10.210000	-0.900000	107.700000	109.000000	22.400000	0.917000	21.007000	22.300000	-2.100000	22.700000	21.800000	16.000000	105.500000	21.800000
107.000000	-3.395000	-5.519000	108.300000	-7.630000	-0.400000	107.200000	107.700000	22.000000	-3.667000	1.891000	22.400000	-1.300000	22.200000	22.700000	15.000000	104.000000	22.200000
118.000000	-15.771000	-15.320000	121.500000	-14.866000	-1.800000	118.900000	120.800000	16.900000	-3.667000	10.293000	17.300000	-3.500000	17.000000	17.400000	20.000000	117.100000	15.300000
117.400000	-5.282000	-10.552000	119.800000	-15.771000	-0.600000	117.600000	118.900000	15.500000	-12.833000	68.063000	16.900000	-2.400000	16.200000	17.000000	20.000000	116.600000	16.300000
117.100000	-2.651000	-3.963000	118.000000	-5.282000	-0.300000	117.300000	117.600000	15.300000	-1.833000	53.778000	15.500000	-0.900000	15.100000	16.200000	20.000000	115.500000	17.100000
116.600000	-4.410000	-3.526000	117.400000	-2.651000	-0.500000	116.900000	117.300000	16.300000	9.167000	13.444000	15.300000	-0.800000	15.900000	15.100000	20.000000	114.200000	18.200000
115.500000	-9.658000	-7.042000	117.100000	-4.410000	-1.100000	116.100000	116.900000	17.100000	7.333000	68.063000	16.300000	-1.600000	16.500000	15.900000	20.000000	113.300000	19.500000
114.200000	-11.356000	-10.505000	116.600000	-9.658000	-1.300000	114.900000	116.100000	18.200000	10.083000	75.835000	17.100000	-2.400000	17.700000	16.500000	30.000000	114.400000	21.200000
113.300000	-7.807000	-9.573000	115.500000	-11.356000	-0.900000	113.700000	114.900000	19.500000	11.917000	121.000000	18.200000	-2.200000	19.000000	17.700000	35.000000	116.000000	22.300000
114.400000	9.454000	0.863000	114.200000	-7.807000	1.100000	113.700000	113.700000	21.200000	15.583000	189.062000	19.500000	0.200000	20.500000	19.000000	35.000000	118.200000	23.100000
116.000000	13.623000	11.561000	113.300000	9.454000	1.600000	115.100000	113.700000	22.300000	10.083000	164.695000	21.200000	2.700000	21.700000	20.500000	40.000000	120.400000	24.000000
118.200000	18.604000	16.131000	114.400000	13.623000	2.200000	117.100000	115.100000	23.100000	7.333000	75.835000	22.300000	3.800000	22.700000	21.700000	40.000000	122.900000	25.000000
121.800000	-12.680000	-10.945000	124.400000	-9.229000	-1.500000	122.500000	123.900000	22.300000	-8.250000	84.028000	23.200000	-2.600000	22.600000	23.700000	25.000000	117.200000	20.000000
119.200000	-22.137000	-17.399000	123.300000	-12.680000	-2.600000	120.700000	122.500000	21.200000	-10.083000	84.028000	22.300000	-4.100000	21.400000	22.600000	20.000000	115.600000	19.200000
117.200000	-17.161000	-19.663000	121.800000	-22.137000	-2.000000	118.000000	120.700000	20.000000	-11.000000	111.127000	21.200000	-4.600000	20.700000	21.400000	20.000000	114.600000	18.600000
115.600000	-13.817000	-15.485000	119.200000	-17.161000	-1.600000	116.200000	118.000000	19.200000	-7.333000	84.028000	20.000000	-3.600000	19.700000	20.700000	20.000000	116.000000	18.200000
114.600000	-8.672000	-11.247000	117.200000	-13.817000	-1.000000	114.800000	116.200000	18.600000	-5.500000	41.174000	19.200000	-2.600000	18.800000	19.700000	20.000000	117.700000	18.300000
116.000000	12.177000	1.737000	115.600000	-8.672000	1.400000	115.200000	114.800000	18.200000	-3.667000	21.007000	18.600000	0.400000	18.200000	18.800000	15.000000	120.000000	19.200000
117.700000	14.799000	13.478000	114.600000	12.177000	1.700000	116.900000	115.200000	18.300000	0.917000	1.891000	18.200000	3.100000	18.200000	18.200000	15.000000	120.900000	20.400000
120.000000	19.964000	17.366000	116.000000	14.799000	2.300000	118.700000	116.900000	19.200000	8.250000	21.007000	18.300000	4.000000	18.700000	18.200000	15.000000	121.300000	20.700000
120.900000	7.762000	13.838000	117.700000	19.964000	0.900000	120.600000	118.700000	20.400000	11.000000	92.640000	19.200000	3.200000	19.900000	18.700000	20.000000	121.400000	20.900000
121.300000	3.433000	5.601000	120.000000	7.762000	0.400000	121.100000	120.600000	20.700000	2.750000	47.266000	20.400000	1.300000	20.600000	19.900000	20.000000	121.700000	21.400000
121.400000	0.857000	2.144000	120.900000	3.433000	0.100000	121.300000	121.100000	20.900000	1.833000	5.252000	20.700000	0.500000	20.700000	20.600000	25.000000	122.400000	21.900000
121.700000	2.565000	1.711000	121.300000	0.857000	0.300000	121.500000	121.300000	21.400000	4.583000	10.293000	20.900000	0.400000	21.100000	20.700000	25.000000	122.900000	21.900000
122.400000	5.964000	4.267000	121.400000	2.565000	0.700000	122.000000	121.500000	21.900000	4.583000	21.007000	21.400000	1.000000	21.800000	21.100000	30.000000	123.200000	21.500000
122.900000	4.253000	5.112000	121.700000	5.964000	0.500000	122.600000	122.000000	21.900000	0.000000	5.252000	21.900000	1.200000	22.000000	21.800000	35.000000	123.000000	21.100000
123.000000	-1.708000	0.426000	122.900000	2.555000	-0.200000	123.200000	123.000000	21.100000	-3.667000	13.444000	21.500000	0.100000	21.500000	21.800000	35.000000	121.900000	19.700000
122.300000	-6.002000	-3.854000	123.200000	-1.708000	-0.700000	122.700000	123.200000	20.300000	-7.333000	30.250000	21.100000	-0.900000	20.700000	21.500000	35.000000	121.400000	19.000000
121.900000	-3.446000	-4.725000	123.000000	-6.002000	-0.400000	122.100000	122.700000	19.700000	-5.500000	41.174000	20.300000	-1.100000	20.000000	20.700000	35.000000	120.100000	18.800000
121.400000	-4.324000	-3.885000	122.300000	-3.446000	-0.500000	121.700000	122.100000	19.000000	-6.417000	35.502000	19.700000	-0.900000	19.300000	20.000000	40.000000	118.300000	18.300000
120.100000	-11.274000	-7.789000	121.900000	-4.324000	-1.300000	120.700000	121.700000	18.800000	-1.833000	17.016000	19.000000	-1.800000	18.900000	19.300000	35.000000	116.800000	18.700000
118.300000	-15.643000	-13.462000	121.400000	-11.274000	-1.800000	119.300000	120.700000	18.300000	-4.583000	10.293000	18.800000	-3.100000	18.500000	18.900000	35.000000	113.800000	19.500000
116.800000	-13.039000	-14.322000	120.100000	-15.643000	-1.500000	117.500000	119.300000	18.700000	3.667000	0.210000	18.300000	-3.300000	18.300000	18.500000	35.000000	111.300000	20.100000
113.800000	-25.986000	-19.513000	118.300000	-13.039000	-3.000000	115.300000	117.500000	19.500000	7.333000	30.250000	18.700000	-4.500000	19.300000	18.300000	40.000000	108.300000	20.400000
111.300000	-21.562000	-23.777000	116.800000	-25.986000	-2.500000	112.600000	115.300000	20.100000	5.500000	41.174000	19.500000	-5.500000	19.700000	19.300000	40.000000	105.000000	20.300000
108.300000	-25.800000	-23.696000	113.800000	-21.562000	-3.000000	109.800000	112.600000	20.400000	2.750000	17.016000	20.100000	-5.500000	20.200000	19.700000	40.000000	101.400000	19.700000
122.800000	-24.144000	-21.470000	127.600000	-18.801000	-2.700000	124.300000	126.500000	12.900000	3.667000	7.563000	12.500000	-4.800000	12.600000	12.300000	60.000000	117.600000	14.500000
120.300000	-22.302000	-23.213000	125.500000	-24.144000	-2.500000	121.600000	124.300000	13.700000	7.333000	30.250000	12.900000	-5.200000	13.300000	12.600000	50.000000	115.200000	15.200000
117.600000	-24.004000	-23.155000	122.800000	-22.302000	-2.700000	119.100000	121.600000	14.500000	7.333000	53.778000	13.700000	-5.200000	14.200000	13.300000	45.000000	112.700000	15.800000
115.200000	-21.265000	-22.636000	120.300000	-24.004000	-2.400000	116.300000	119.100000	15.200000	6.417000	47.266000	14.500000	-5.100000	14.800000	14.200000	50.000000	111.000000	16.200000
112.700000	-22.083000	-21.678000	117.600000	-21.265000	-2.500000	114.000000	116.300000	15.800000	5.500000	35.502000	15.200000	-4.900000	15.600000	14.800000	50.000000	109.100000	17.200000
111.000000	-14.980000	-18.532000	115.200000	-22.083000	-1.700000	111.700000	114.000000	16.200000	3.667000	21.007000	15.800000	-4.200000	15.800000	15.600000	55.000000	107.700000	17.600000
109.100000	-16.682000	-15.821000	112.700000	-14.980000	-1.900000	110.000000	111.700000	17.200000	9.167000	41.174000	16.200000	-3.600000	16.700000	15.800000	50.000000	105.500000	18.000000
107.700000	-12.246000	-14.472000	111.000000	-16.682000	-1.400000	108.500000	110.000000	17.600000	3.667000	41.174000	17.200000	-3.300000	17.300000	16.700000	45.000000	102.000000	18.500000
121.400000	-14.965000	-10.561000	123.800000	-6.157000	-1.700000	122.500000	123.500000	16.100000	-1.833000	1.891000	16.300000	-2.400000	16.200000	16.300000	40.000000	117.600000	15.200000
119.700000	-14.998000	-14.991000	123.100000	-14.965000	-1.700000	120.500000	122.500000	15.400000	-6.417000	17.016000	16.100000	-3.400000	15.700000	16.200000	30.000000	116.100000	15.600000
117.600000	-18.568000	-16.771000	121.400000	-14.998000	-2.100000	118.500000	120.500000	15.200000	-1.833000	17.016000	15.400000	-3.800000	15.100000	15.700000	35.000000	114.300000	15.700000
116.100000	-13.256000	-15.900000	119.700000	-18.568000	-1.500000	116.800000	118.500000	15.600000	3.667000	0.840000	15.200000	-3.600000	15.400000	15.100000	35.000000	113.000000	15.900000
114.300000	-15.888000	-14.578000	117.600000	-13.256000	-1.800000	115.100000	116.800000	15.700000	0.917000	5.252000	15.600000	-3.300000	15.600000	15.400000	35.000000	112.000000	16.200000
113.000000	-11.466000	-13.675000	116.100000	-15.888000	-1.300000	113.700000	115.100000	15.900000	1.833000	1.891000	15.700000	-3.100000	15.800000	15.600000	35.000000	110.400000	17.500000
112.000000	-8.809000	-10.136000	114.300000	-11.466000	-1.000000	112.500000	113.700000	16.200000	2.750000	5.252000	15.900000	-2.300000	16.000000	15.800000	35.000000	107.800000	18.400000
110.400000	-14.037000	-11.414000	113.000000	-8.809000	-1.600000	111.200000	112.500000	17.500000	11.917000	53.778000	16.200000	-2.600000	16.600000	16.000000	35.000000	105.600000	18.900000
107.800000	-22.673000	-18.379000	112.000000	-14.037000	-2.600000	109.200000	111.200000	18.400000	8.250000	101.674000	17.500000	-4.200000	18.300000	16.600000	35.000000	103.500000	19.500000
115.000000	-12.311000	-14.942000	118.400000	-17.569000	-1.400000	115.500000	117.400000	16.300000	-1.833000	3.361000	16.500000	-3.400000	16.400000	16.600000	12.000000	112.800000	15.500000
113.800000	-10.574000	-11.449000	116.400000	-12.311000	-1.200000	114.400000	115.500000	15.700000	-5.500000	13.444000	16.300000	-2.600000	16.000000	16.400000	15.000000	111.000000	15.400000
112.800000	-8.829000	-9.698000	115.000000	-10.574000	-1.000000	113.200000	114.400000	15.500000	-1.833000	13.444000	15.700000	-2.200000	15.600000	16.000000	15.000000	109.000000	15.300000
112.000000	-17.335000	-15.222000	115.500000	-13.047000	-2.000000	113.000000	115.000000	19.000000	0.000000	30.250000	19.000000	-3.500000	19.100000	18.700000	12.000000	108.000000	20.500000
110.500000	-12.981000	-15.145000	114.000000	-17.335000	-1.500000	111.100000	113.000000	19.500000	4.583000	5.252000	19.000000	-3.500000	19.400000	19.100000	12.000000	107.400000	21.300000
108.000000	-21.535000	-17.255000	112.000000	-12.981000	-2.500000	108.800000	111.100000	20.500000	9.167000	47.266000	19.500000	-4.000000	19.800000	19.400000	10.000000	107.200000	21.400000
120.800000	-19.190000	-20.584000	125.500000	-21.944000	-2.200000	121.800000	124.000000	18.300000	7.333000	111.127000	17.500000	-4.700000	17.800000	17.000000	15.000000	118.300000	20.300000
119.400000	-12.145000	-15.652000	123.000000	-19.190000	-1.400000	120.000000	121.800000	19.400000	10.083000	75.835000	18.300000	-3.600000	18.900000	17.800000	20.000000	117.200000	21.700000
118.300000	-9.484000	-10.814000	120.800000	-12.145000	-1.100000	118.800000	120.000000	20.300000	8.250000	84.028000	19.400000	-2.500000	19.800000	18.900000	25.000000	115.900000	23.100000
112.300000	-10.650000	-9.762000	114.500000	-8.854000	-1.200000	112.900000	114.000000	14.000000	-9.167000	21.007000	15.000000	-2.200000	14.500000	15.200000	12.000000	112.800000	13.800000
112.500000	1.781000	-4.443000	113.500000	-10.650000	0.200000	112.000000	112.900000	13.400000	-5.500000	53.778000	14.000000	-1.000000	13.500000	14.500000	15.000000	112.500000	14.500000
112.800000	2.673000	2.225000	112.300000	1.781000	0.300000	112.500000	112.000000	13.800000	3.667000	0.840000	13.400000	0.500000	13.400000	13.500000	15.000000	112.400000	15.000000
112.500000	-2.667000	0.000000	112.500000	2.673000	-0.300000	112.700000	112.500000	14.500000	6.417000	25.418000	13.800000	0.000000	14.100000	13.400000	15.000000	113.000000	17.800000
112.400000	-0.886000	-1.776000	112.800000	-2.667000	-0.100000	112.500000	112.700000	15.000000	4.583000	30.250000	14.500000	-0.400000	14.500000	14.100000	15.000000	113.500000	20.000000
113.000000	5.276000	2.201000	112.500000	-0.886000	0.600000	112.600000	112.500000	17.800000	25.667000	228.766000	15.000000	0.500000	16.600000	14.500000	25.000000	115.000000	21.800000
113.500000	4.336000	4.808000	112.400000	5.276000	0.500000	113.100000	112.600000	20.000000	20.167000	525.174000	17.800000	1.100000	19.000000	16.600000	25.000000	115.100000	22.800000
118.500000	-21.956000	-28.652000	125.000000	-35.111000	-2.500000	119.700000	122.500000	15.800000	-15.583000	0.840000	17.500000	-6.500000	16.500000	17.000000	10.000000	116.000000	15.500000
117.500000	-8.805000	-15.341000	121.000000	-21.956000	-1.000000	118.500000	119.700000	16.500000	6.417000	21.007000	15.800000	-3.500000	17.000000	16.500000	15.000000	114.700000	14.700000
116.000000	-13.217000	-11.034000	118.500000	-8.805000	-1.500000	116.800000	118.500000	15.500000	-9.167000	1.891000	16.500000	-2.500000	16.000000	17.000000	15.000000	113.200000	14.500000
114.700000	-11.505000	-12.361000	117.500000	-13.217000	-1.300000	115.500000	116.800000	14.700000	-7.333000	68.063000	15.500000	-2.800000	15.000000	16.000000	15.000000	112.500000	15.000000
113.200000	-13.306000	-12.396000	116.000000	-11.505000	-1.500000	114.000000	115.500000	14.500000	-1.833000	21.007000	14.700000	-2.800000	14.500000	15.000000	15.000000	111.300000	16.700000
112.500000	-6.205000	-9.747000	114.700000	-13.306000	-0.700000	112.500000	114.000000	15.000000	4.583000	1.891000	14.500000	-2.200000	15.000000	14.500000	15.000000	110.500000	18.100000
111.300000	-10.582000	-8.388000	113.200000	-6.205000	-1.200000	112.000000	112.500000	16.700000	15.583000	101.674000	15.000000	-1.900000	15.500000	15.000000	15.000000	109.500000	18.500000
110.500000	-6.998000	-8.787000	112.500000	-10.582000	-0.800000	111.000000	112.000000	18.100000	12.833000	201.877000	16.700000	-2.000000	17.500000	15.500000	15.000000	108.800000	19.000000
109.500000	-8.703000	-7.864000	111.300000	-6.998000	-1.000000	110.000000	111.000000	18.500000	3.667000	68.062000	18.100000	-1.800000	18.200000	17.500000	15.000000	107.900000	19.600000
108.800000	-6.076000	-7.387000	110.500000	-8.703000	-0.700000	109.200000	110.000000	19.000000	4.583000	17.016000	18.500000	-1.700000	18.800000	18.200000	15.000000	107.000000	19.500000
107.900000	-7.786000	-6.932000	109.500000	-6.076000	-0.900000	108.600000	109.200000	19.600000	5.500000	25.418000	19.000000	-1.600000	19.300000	18.800000	15.000000	106.000000	19.500000
122.000000	-24.571000	-21.944000	127.000000	-19.311000	-2.800000	123.600000	126.000000	16.800000	0.000000	0.210000	16.800000	-5.000000	16.700000	16.800000	25.000000	116.600000	17.700000
118.600000	-29.813000	-27.182000	124.800000	-24.571000	-3.400000	119.700000	123.600000	17.100000	2.750000	1.891000	16.800000	-6.200000	16.900000	16.700000	30.000000	113.900000	18.500000
116.600000	-17.494000	-23.637000	122.000000	-29.813000	-2.000000	117.500000	119.700000	17.700000	5.500000	17.016000	17.100000	-5.400000	17.400000	16.900000	30.000000	111.300000	19.500000
113.900000	-23.525000	-20.510000	118.600000	-17.494000	-2.700000	115.300000	117.500000	18.500000	7.333000	41.174000	17.700000	-4.700000	18.100000	17.400000	30.000000	109.200000	20.500000
111.300000	-22.535000	-23.023000	116.600000	-23.525000	-2.600000	112.400000	115.300000	19.500000	9.167000	68.062000	18.500000	-5.300000	19.200000	18.100000	25.000000	107.000000	22.000000
121.300000	-23.559000	-21.431000	126.200000	-19.280000	-2.700000	122.500000	125.200000	18.200000	6.417000	53.778000	17.500000	-4.900000	18.000000	16.900000	60.000000	116.700000	19.100000
119.000000	-20.011000	-21.795000	124.000000	-23.559000	-2.300000	120.200000	122.500000	18.500000	2.750000	21.007000	18.200000	-5.000000	18.100000	18.000000	50.000000	114.900000	20.400000
116.700000	-19.959000	-19.976000	121.300000	-20.011000	-2.300000	117.800000	120.200000	19.100000	5.500000	17.016000	18.500000	-4.600000	18.900000	18.100000	45.000000	112.700000	21.300000
114.900000	-15.529000	-17.719000	119.000000	-19.959000	-1.800000	115.800000	117.800000	20.400000	11.917000	75.835000	19.100000	-4.100000	19.800000	18.900000	40.000000	110.100000	21.900000
112.700000	-18.846000	-17.206000	116.700000	-15.529000	-2.200000	113.800000	115.800000	21.300000	8.250000	101.674000	20.400000	-4.000000	20.900000	19.800000	40.000000	107.700000	23.500000
117.000000	-38.118000	-31.082000	124.000000	-24.025000	-4.300000	119.000000	122.800000	15.200000	8.250000	60.710000	14.300000	-7.000000	14.800000	14.000000	15.000000	111.900000	15.100000
113.500000	-30.946000	-34.556000	121.300000	-38.118000	-3.500000	115.100000	119.000000	15.400000	1.833000	25.418000	15.200000	-7.800000	15.300000	14.800000	20.000000	110.500000	16.300000
111.900000	-14.150000	-22.563000	117.000000	-30.946000	-1.600000	112.400000	115.100000	15.100000	-2.750000	0.210000	15.400000	-5.100000	15.000000	15.300000	20.000000	108.400000	16.800000
110.500000	-12.355000	-13.227000	113.500000	-14.150000	-1.400000	111.300000	112.400000	16.300000	11.000000	17.016000	15.100000	-3.000000	16.000000	15.000000	30.000000	107.000000	18.000000
108.400000	-18.452000	-15.424000	111.900000	-12.355000	-2.100000	109.500000	111.300000	16.800000	4.583000	60.710000	16.300000	-3.500000	16.600000	16.000000	25.000000	105.800000	19.300000
107.000000	-12.246000	-15.328000	110.500000	-18.452000	-1.400000	107.600000	109.500000	18.000000	11.000000	60.710000	16.800000	-3.500000	17.400000	16.600000	25.000000	104.000000	20.500000
113.000000	-17.696000	-6.604000	114.500000	4.406000	-2.000000	113.700000	115.400000	15.300000	2.750000	60.710000	15.000000	-1.500000	15.200000	16.100000	10.000000	110.400000	19.300000
111.500000	-13.167000	-15.373000	115.000000	-17.696000	-1.500000	111.600000	113.700000	18.200000	26.583000	215.111000	15.300000	-3.500000	17.300000	15.200000	12.000000	109.700000	20.300000
110.400000	-9.548000	-11.378000	113.000000	-13.167000	-1.100000	111.500000	111.600000	19.300000	10.083000	336.111000	18.200000	-2.600000	19.000000	17.300000	10.000000	108.500000	21.600000
116.300000	-10.407000	-9.582000	118.500000	-8.730000	-1.200000	116.900000	118.000000	19.300000	7.333000	111.127000	18.500000	-2.200000	18.900000	18.000000	15.000000	114.800000	19.900000
115.500000	-6.904000	-8.652000	117.500000	-10.407000	-0.800000	116.000000	116.900000	20.100000	7.333000	53.778000	19.300000	-2.000000	19.800000	18.900000	15.000000	114.200000	19.100000
114.800000	-6.030000	-6.477000	116.300000	-6.904000	-0.700000	115.200000	116.000000	19.900000	-1.833000	7.562000	20.100000	-1.500000	20.200000	19.800000	15.000000	112.300000	18.600000
114.200000	-5.185000	-5.613000	115.500000	-6.030000	-0.600000	114.400000	115.200000	19.100000	-7.333000	21.007000	19.900000	-1.300000	19.400000	20.200000	25.000000	110.700000	18.500000
112.300000	-16.483000	-10.818000	114.800000	-5.185000	-1.900000	113.200000	114.400000	18.600000	-4.583000	35.502000	19.100000	-2.500000	18.700000	19.400000	30.000000	107.600000	18.400000
110.700000	-13.905000	-15.186000	114.200000	-16.483000	-1.600000	111.800000	113.200000	18.500000	-0.917000	7.563000	18.600000	-3.500000	18.300000	18.700000	40.000000	104.500000	19.200000
113.000000	13.281000	13.297000	110.000000	13.327000	1.500000	112.300000	110.800000	15.500000	9.167000	47.266000	14.500000	3.000000	14.800000	14.000000	15.000000	107.000000	17.500000
110.000000	-26.468000	-6.633000	111.500000	13.281000	-3.000000	111.500000	112.300000	16.000000	4.583000	47.266000	15.500000	-1.500000	16.000000	14.800000	15.000000	105.500000	19.500000
107.000000	-26.333000	-26.368000	113.000000	-26.468000	-3.000000	108.500000	111.500000	17.500000	13.750000	84.028000	16.000000	-6.000000	16.500000	16.000000	15.000000	103.000000	20.000000
119.800000	-3.469000	0.865000	119.600000	5.181000	-0.400000	120.200000	120.000000	18.600000	-5.500000	41.174000	19.200000	0.200000	18.800000	19.600000	15.000000	117.500000	18.400000
118.300000	-13.032000	-8.239000	120.200000	-3.469000	-1.500000	119.200000	120.200000	18.600000	0.000000	7.563000	18.600000	-1.900000	18.600000	18.800000	20.000000	116.400000	18.200000
117.500000	-6.954000	-9.997000	119.800000	-13.032000	-0.800000	118.000000	119.200000	18.400000	-1.833000	0.840000	18.600000	-2.300000	18.600000	18.600000	20.000000	116.100000	18.700000
116.400000	-9.573000	-8.263000	118.300000	-6.954000	-1.100000	116.900000	118.000000	18.200000	-1.833000	3.361000	18.400000	-1.900000	18.300000	18.600000	25.000000	115.900000	19.000000
116.100000	-2.609000	-6.083000	117.500000	-9.573000	-0.300000	116.200000	116.900000	18.700000	4.583000	1.891000	18.200000	-1.400000	18.600000	18.300000	25.000000	115.800000	21.400000
115.900000	-1.735000	-2.172000	116.400000	-2.609000	-0.200000	116.000000	116.200000	19.000000	2.750000	13.444000	18.700000	-0.500000	18.800000	18.600000	30.000000	115.200000	23.600000
115.800000	-0.860000	-1.292000	116.100000	-1.735000	-0.100000	115.900000	116.000000	21.400000	22.000000	153.140000	19.000000	-0.300000	20.300000	18.800000	30.000000	114.500000	25.500000
121.000000	-19.136000	-23.892000	126.500000	-28.567000	-2.200000	122.100000	125.000000	17.800000	-11.000000	53.778000	19.000000	-5.500000	18.800000	19.200000	30.000000	116.400000	17.800000
119.000000	-17.446000	-18.255000	123.200000	-19.136000	-2.000000	120.000000	122.100000	18.000000	1.833000	21.007000	17.800000	-4.200000	18.000000	18.800000	30.000000	114.000000	17.500000
116.400000	-22.680000	-20.074000	121.000000	-17.446000	-2.600000	117.700000	120.000000	17.800000	-1.833000	0.000000	18.000000	-4.600000	17.800000	18.000000	30.000000	111.500000	17.600000
114.000000	-20.964000	-21.826000	119.000000	-22.680000	-2.400000	115.000000	117.700000	17.500000	-2.750000	5.252000	17.800000	-5.000000	17.700000	17.800000	35.000000	108.500000	17.800000
111.500000	-21.850000	-21.395000	116.400000	-20.964000	-2.500000	112.700000	115.000000	17.600000	0.917000	0.840000	17.500000	-4.900000	17.600000	17.700000	35.000000	106.500000	17.900000
108.500000	-26.198000	-24.022000	114.000000	-21.850000	-3.000000	110.100000	112.700000	17.800000	1.833000	1.891000	17.600000	-5.500000	17.700000	17.600000	35.000000	103.700000	18.000000
121.200000	-30.271000	-31.559000	128.500000	-32.784000	-3.500000	123.400000	126.800000	19.000000	-6.417000	13.444000	19.700000	-7.300000	19.300000	19.800000	30.000000	117.000000	17.500000
119.000000	-19.119000	-24.716000	124.700000	-30.271000	-2.200000	120.000000	123.400000	18.100000	-8.250000	53.778000	19.000000	-5.700000	18.400000	19.300000	35.000000	115.000000	16.800000
117.000000	-17.456000	-18.282000	121.200000	-19.119000	-2.000000	118.000000	120.000000	17.500000	-5.500000	47.266000	18.100000	-4.200000	17.700000	18.400000	35.000000	113.500000	16.200000
115.000000	-17.518000	-17.490000	119.000000	-17.456000	-2.000000	116.000000	118.000000	16.800000	-6.417000	35.502000	17.500000	-4.000000	17.000000	17.700000	35.000000	112.300000	16.100000
113.500000	-13.184000	-15.353000	117.000000	-17.518000	-1.500000	114.200000	116.000000	16.200000	-5.500000	35.502000	16.800000	-3.500000	16.500000	17.000000	35.000000	111.000000	16.200000
112.300000	-10.566000	-11.868000	115.000000	-13.184000	-1.200000	112.900000	114.200000	16.100000	-0.917000	10.293000	16.200000	-2.700000	16.100000	16.500000	35.000000	109.700000	16.300000
111.000000	-11.446000	-11.003000	113.500000	-10.566000	-1.300000	111.900000	112.900000	16.200000	0.917000	0.000000	16.100000	-2.500000	16.200000	16.100000	35.000000	108.200000	16.700000
109.700000	-11.441000	-11.444000	112.300000	-11.446000	-1.300000	110.400000	111.900000	16.300000	0.917000	0.840000	16.200000	-2.600000	16.300000	16.200000	35.000000	107.200000	17.000000
108.200000	-13.184000	-12.308000	111.000000	-11.441000	-1.500000	108.900000	110.400000	16.700000	3.667000	5.252000	16.300000	-2.800000	16.600000	16.300000	30.000000	106.600000	17.600000
107.200000	-8.773000	-10.978000	109.700000	-13.184000	-1.000000	107.600000	108.900000	17.000000	2.750000	10.293000	16.700000	-2.500000	16.800000	16.600000	30.000000	105.500000	19.300000
122.500000	-26.735000	-20.051000	127.000000	-13.370000	-3.000000	124.100000	126.300000	13.600000	0.917000	0.210000	13.500000	-4.500000	13.500000	13.500000	15.000000	117.000000	15.000000
120.000000	-22.255000	-24.486000	125.500000	-26.735000	-2.500000	121.100000	124.100000	14.000000	3.667000	5.252000	13.600000	-5.500000	13.700000	13.500000	15.000000	114.800000	15.500000
117.000000	-26.624000	-24.427000	122.500000	-22.255000	-3.000000	118.600000	121.100000	15.000000	9.167000	41.174000	14.000000	-5.500000	14.500000	13.700000	20.000000	113.200000	16.400000
114.800000	-19.457000	-23.048000	120.000000	-26.624000	-2.200000	115.600000	118.600000	15.500000	4.583000	47.266000	15.000000	-5.200000	15.400000	14.500000	25.000000	112.000000	17.800000
113.200000	-14.102000	-16.767000	117.000000	-19.457000	-1.600000	114.000000	115.600000	16.400000	8.250000	41.174000	15.500000	-3.800000	15.800000	15.400000	25.000000	109.900000	18.700000
112.000000	-10.514000	-12.295000	114.800000	-14.102000	-1.200000	112.500000	114.000000	17.800000	12.833000	111.127000	16.400000	-2.800000	17.100000	15.800000	30.000000	108.700000	20.000000
109.900000	-18.282000	-14.421000	113.200000	-10.514000	-2.100000	110.800000	112.500000	18.700000	8.250000	111.127000	17.800000	-3.300000	18.600000	17.100000	45.000000	106.600000	21.100000
108.700000	-10.379000	-14.310000	112.000000	-18.282000	-1.200000	109.200000	110.800000	20.000000	11.917000	101.674000	18.700000	-3.300000	19.300000	18.600000	30.000000	104.900000	21.800000
106.600000	-18.025000	-14.222000	109.900000	-10.379000	-2.100000	107.500000	109.200000	21.100000	10.083000	121.000000	20.000000	-3.300000	20.500000	19.300000	30.000000	103.000000	22.500000
123.000000	-13.204000	-15.439000	126.500000	-17.688000	-1.500000	123.700000	125.600000	16.700000	9.167000	75.835000	15.700000	-3.500000	16.000000	15.400000	20.000000	118.300000	20.000000
121.200000	-15.719000	-14.449000	124.500000	-13.204000	-1.800000	122.100000	123.700000	18.700000	18.333000	189.063000	16.700000	-3.300000	17.500000	16.000000	25.000000	114.900000	21.200000
118.300000	-25.082000	-20.446000	123.000000	-15.719000	-2.900000	120.000000	122.100000	20.000000	11.917000	228.766000	18.700000	-4.700000	19.200000	17.500000	30.000000	113.200000	22.000000
114.900000	-29.174000	-27.142000	121.200000	-25.082000	-3.400000	116.500000	120.000000	21.200000	11.000000	131.293000	20.000000	-6.300000	20.800000	19.200000	35.000000	111.200000	22.800000
113.200000	-14.489000	-21.822000	118.300000	-29.174000	-1.700000	114.100000	116.500000	22.000000	7.333000	84.028000	21.200000	-5.100000	21.500000	20.800000	35.000000	108.100000	23.700000
111.200000	-16.950000	-15.724000	114.900000	-14.489000	-2.000000	112.300000	114.100000	22.800000	7.333000	53.778000	22.000000	-3.700000	22.600000	21.500000	20.000000	103.700000	22.600000
121.500000	-11.321000	-9.177000	123.600000	-7.007000	-1.300000	122.300000	123.000000	18.600000	7.333000	92.641000	17.800000	-2.100000	18.300000	17.000000	12.000000	119.000000	18.800000
120.200000	-11.281000	-11.307000	122.800000	-11.321000	-1.300000	120.800000	122.300000	19.000000	3.667000	30.250000	18.600000	-2.600000	18.800000	18.300000	15.000000	118.100000	19.200000
119.000000	-10.407000	-10.853000	121.500000	-11.281000	-1.200000	119.700000	120.800000	18.800000	-1.833000	0.840000	19.000000	-2.500000	18.900000	18.800000	15.000000	116.700000	19.800000
118.100000	-7.801000	-9.095000	120.200000	-10.407000	-0.900000	118.600000	119.700000	19.200000	3.667000	0.840000	18.800000	-2.100000	18.900000	18.900000	20.000000	114.600000	20.200000
116.700000	-12.097000	-9.949000	119.000000	-7.801000	-1.400000	117.300000	118.600000	19.800000	5.500000	21.007000	19.200000	-2.300000	19.400000	18.900000	25.000000	112.800000	20.600000
114.600000	-18.089000	-15.103000	118.100000	-12.097000	-2.100000	115.500000	117.300000	20.200000	3.667000	21.007000	19.800000	-3.500000	19.900000	19.400000	30.000000	110.400000	20.400000
112.800000	-15.465000	-16.776000	116.700000	-18.089000	-1.800000	113.900000	115.500000	20.600000	3.667000	13.444000	20.200000	-3.900000	20.400000	19.900000	35.000000	109.000000	19.000000
110.400000	-20.607000	-18.054000	114.600000	-15.465000	-2.400000	111.500000	113.900000	20.400000	-1.833000	0.840000	20.600000	-4.200000	20.400000	20.400000	40.000000	107.500000	18.100000
109.000000	-12.082000	-16.387000	112.800000	-20.607000	-1.400000	109.500000	111.500000	19.000000	-12.833000	53.778000	20.400000	-3.800000	19.800000	20.400000	40.000000	105.700000	17.800000
118.400000	-5.219000	-3.920000	119.300000	-2.619000	-0.600000	118.700000	119.300000	18.800000	7.333000	35.502000	18.000000	-0.900000	18.500000	17.500000	15.000000	115.800000	20.100000
117.700000	-6.056000	-5.637000	119.000000	-5.219000	-0.700000	118.200000	118.700000	19.800000	9.167000	68.063000	18.800000	-1.300000	19.300000	18.500000	15.000000	114.500000	20.300000
115.800000	-16.371000	-11.237000	118.400000	-6.056000	-1.900000	116.800000	118.200000	20.100000	2.750000	35.502000	19.800000	-2.600000	20.000000	19.300000	20.000000	114.500000	20.500000
114.500000	-11.184000	-13.778000	117.700000	-16.371000	-1.300000	115.000000	116.800000	20.300000	1.833000	5.252000	20.100000	-3.200000	20.200000	20.000000	20.000000	115.400000	21.200000
114.500000	0.000000	-5.588000	115.800000	-11.184000	0.000000	114.300000	115.000000	20.500000	1.833000	3.361000	20.300000	-1.300000	20.400000	20.200000	25.000000	115.400000	22.600000
115.400000	7.710000	3.857000	114.500000	0.000000	0.900000	115.000000	114.300000	21.200000	6.417000	17.016000	20.500000	0.900000	20.600000	20.400000	25.000000	114.500000	23.600000
115.400000	0.000000	3.837000	114.500000	7.710000	0.000000	115.600000	115.000000	22.600000	12.833000	92.641000	21.200000	0.900000	22.000000	20.600000	30.000000	113.700000	25.000000
121.700000	-12.908000	-22.912000	127.000000	-32.886000	-1.500000	122.400000	125.400000	20.300000	2.750000	68.063000	20.000000	-5.300000	20.300000	19.500000	15.000000	118.600000	20.600000
119.900000	-15.470000	-14.195000	123.200000	-12.908000	-1.800000	120.900000	122.400000	20.400000	0.917000	3.361000	20.300000	-3.300000	20.300000	20.300000	20.000000	118.000000	20.300000
118.600000	-11.162000	-13.313000	121.700000	-15.470000	-1.300000	119.400000	120.900000	20.600000	1.833000	1.891000	20.400000	-3.100000	20.400000	20.300000	20.000000	118.500000	19.800000
118.000000	-5.153000	-8.165000	119.900000	-11.162000	-0.600000	118.600000	119.400000	20.300000	-2.750000	0.210000	20.600000	-1.900000	20.600000	20.400000	20.000000	119.600000	19.600000
118.500000	4.306000	-0.430000	118.600000	-5.153000	0.500000	117.800000	118.600000	19.800000	-4.583000	13.444000	20.300000	-0.100000	20.300000	20.600000	20.000000	120.200000	20.100000
119.600000	9.493000	6.893000	118.000000	4.306000	1.100000	119.200000	117.800000	19.600000	-1.833000	10.293000	19.800000	1.600000	19.400000	20.300000	20.000000	121.400000	20.500000
120.200000	5.173000	7.324000	118.500000	9.493000	0.600000	119.800000	119.200000	20.100000	4.583000	1.891000	19.600000	1.700000	19.800000	19.400000	20.000000	123.400000	21.500000
121.400000	10.317000	7.750000	119.600000	5.173000	1.200000	120.900000	119.800000	20.500000	3.667000	17.016000	20.100000	1.800000	20.500000	19.800000	20.000000	125.000000	21.500000
122.400000	-12.762000	-12.354000	125.300000	-11.940000	-1.500000	123.300000	124.700000	22.000000	2.750000	10.293000	21.700000	-2.900000	21.800000	21.600000	45.000000	119.600000	22.700000
120.700000	-14.438000	-13.604000	123.900000	-12.762000	-1.700000	121.500000	123.300000	22.200000	1.833000	5.252000	22.000000	-3.200000	22.200000	21.800000	50.000000	118.500000	22.500000
119.600000	-9.319000	-11.869000	122.400000	-14.438000	-1.100000	120.100000	121.500000	22.700000	4.583000	10.293000	22.200000	-2.800000	22.400000	22.200000	40.000000	118.100000	22.000000
118.500000	-9.309000	-9.326000	120.700000	-9.319000	-1.100000	119.000000	120.100000	22.500000	-1.833000	1.891000	22.700000	-2.200000	22.700000	22.400000	25.000000	117.000000	20.100000
118.100000	-3.394000	-6.359000	119.600000	-9.309000	-0.400000	118.100000	119.000000	22.000000	-4.583000	10.293000	22.500000	-1.500000	22.400000	22.700000	20.000000	116.300000	19.000000
117.000000	-9.410000	-6.405000	118.500000	-3.394000	-1.100000	118.000000	118.100000	20.100000	-17.417000	121.000000	22.000000	-1.500000	21.000000	22.400000	15.000000	115.900000	17.500000
116.300000	-6.047000	-7.728000	118.100000	-9.410000	-0.700000	116.600000	118.000000	19.000000	-10.083000	189.062000	20.100000	-1.800000	19.600000	21.000000	15.000000	116.000000	16.500000
115.900000	-3.482000	-4.773000	117.000000	-6.047000	-0.400000	116.000000	116.600000	17.500000	-13.750000	142.007000	19.000000	-1.100000	18.400000	19.600000	15.000000	117.300000	16.200000
116.000000	0.877000	-1.310000	116.300000	-3.482000	0.100000	116.100000	116.000000	16.500000	-9.167000	131.293000	17.500000	-0.300000	17.100000	18.400000	15.000000	118.000000	16.000000
117.300000	11.435000	6.141000	115.900000	0.877000	1.300000	116.500000	116.100000	16.200000	-2.750000	35.502000	16.500000	1.400000	16.000000	17.100000	15.000000	118.000000	16.500000
118.000000	6.165000	8.800000	116.000000	11.435000	0.700000	117.600000	116.500000	16.000000	-1.833000	5.252000	16.200000	2.000000	16.100000	16.000000	15.000000	117.000000	16.200000
118.000000	0.000000	3.079000	117.300000	6.165000	0.000000	118.000000	117.600000	16.500000	4.583000	1.891000	16.000000	0.700000	16.500000	16.100000	15.000000	116.300000	16.200000
117.000000	-8.796000	-4.404000	118.000000	0.000000	-1.000000	117.300000	118.000000	16.200000	-2.750000	0.840000	16.500000	-1.000000	16.500000	16.500000	15.000000	115.900000	17.300000
116.300000	-6.162000	-7.477000	118.000000	-8.796000	-0.700000	116.500000	117.300000	16.200000	0.000000	1.891000	16.200000	-1.700000	16.000000	16.500000	15.000000	116.900000	18.800000
115.900000	-3.511000	-4.828000	117.000000	-6.162000	-0.400000	115.800000	116.500000	17.300000	10.083000	25.418000	16.200000	-1.100000	16.400000	16.000000	20.000000	117.600000	20.800000
116.900000	8.716000	2.623000	116.300000	-3.511000	1.000000	116.500000	115.800000	18.800000	13.750000	142.007000	17.300000	0.600000	17.900000	16.400000	25.000000	117.500000	22.200000
117.600000	6.037000	7.365000	115.900000	8.716000	0.700000	117.300000	116.500000	20.800000	18.333000	257.335000	18.800000	1.700000	19.900000	17.900000	25.000000	117.200000	23.500000
117.500000	-0.853000	2.576000	116.900000	6.037000	-0.100000	117.600000	117.300000	22.200000	12.833000	242.840000	20.800000	0.600000	21.700000	19.900000	30.000000	115.400000	25.000000
117.200000	-2.534000	-1.698000	117.600000	-0.853000	-0.300000	117.500000	117.600000	23.500000	11.917000	153.140000	22.200000	-0.400000	22.800000	21.700000	35.000000	116.000000	27.200000
115.800000	-16.006000	-13.804000	118.900000	-11.595000	-1.800000	116.700000	118.300000	14.400000	6.417000	41.174000	13.700000	-3.100000	14.000000	13.300000	15.000000	113.900000	14.500000
114.700000	-9.760000	-12.886000	117.600000	-16.006000	-1.100000	115.200000	116.700000	14.700000	2.750000	21.007000	14.400000	-2.900000	14.700000	14.000000	20.000000	113.300000	15.000000
113.900000	-7.096000	-8.433000	115.800000	-9.760000	-0.800000	114.300000	115.200000	14.500000	-1.833000	0.210000	14.700000	-1.900000	14.600000	14.700000	25.000000	112.500000	16.300000
113.300000	-5.319000	-6.202000	114.700000	-7.096000	-0.600000	113.600000	114.300000	15.000000	4.583000	1.891000	14.500000	-1.400000	14.600000	14.600000	30.000000	111.300000	17.300000
112.500000	-7.061000	-6.186000	113.900000	-5.319000	-0.800000	112.900000	113.600000	16.300000	11.917000	68.063000	15.000000	-1.400000	15.500000	14.600000	30.000000	109.800000	18.500000
111.300000	-10.530000	-8.805000	113.300000	-7.061000	-1.200000	111.900000	112.900000	17.300000	9.167000	111.127000	16.300000	-2.000000	16.700000	15.500000	35.000000	108.200000	18.800000
109.800000	-13.084000	-11.809000	112.500000	-10.530000	-1.500000	110.600000	111.900000	18.500000	11.000000	101.674000	17.300000	-2.700000	17.900000	16.700000	35.000000	107.300000	19.900000
108.200000	-13.897000	-13.509000	111.300000	-13.084000	-1.600000	108.900000	110.600000	18.800000	2.750000	47.266000	18.500000	-3.100000	18.600000	17.900000	35.000000	106.700000	21.400000
107.300000	-7.784000	-10.821000	109.800000	-13.897000	-0.900000	107.600000	108.900000	19.900000	10.083000	41.174000	18.800000	-2.500000	19.400000	18.600000	35.000000	106.000000	21.000000
106.700000	-5.147000	-6.456000	108.200000	-7.784000	-0.600000	106.900000	107.600000	21.400000	13.750000	142.007000	19.900000	-1.500000	20.600000	19.400000	30.000000	106.500000	21.100000
106.000000	-5.982000	-5.583000	107.300000	-5.147000	-0.700000	106.300000	106.900000	21.000000	-3.667000	25.418000	21.400000	-1.300000	21.300000	20.600000	20.000000	106.300000	22.100000
106.500000	4.277000	-0.854000	106.700000	-5.982000	0.500000	106.300000	106.300000	21.100000	0.917000	1.891000	21.000000	-0.200000	20.700000	21.300000	15.000000	106.500000	23.200000
122.300000	-39.759000	-34.113000	130.000000	-28.386000	-4.500000	124.600000	128.300000	15.700000	4.583000	60.710000	15.200000	-7.700000	15.400000	14.700000	30.000000	115.500000	17.100000
118.600000	-32.553000	-36.118000	126.800000	-39.759000	-3.700000	120.400000	124.600000	16.900000	11.000000	60.710000	15.700000	-8.200000	16.200000	15.400000	35.000000	113.100000	17.700000
115.500000	-27.175000	-29.899000	122.300000	-32.553000	-3.100000	116.900000	120.400000	17.100000	1.833000	41.174000	16.900000	-6.800000	17.000000	16.200000	35.000000	110.600000	19.200000
113.100000	-20.993000	-24.068000	118.600000	-27.175000	-2.400000	114.300000	116.900000	17.700000	5.500000	13.444000	17.100000	-5.500000	17.300000	17.000000	35.000000	108.100000	20.300000
110.600000	-21.739000	-21.341000	115.500000	-20.993000	-2.500000	112.100000	114.300000	19.200000	13.750000	92.641000	17.700000	-4.900000	18.200000	17.300000	35.000000	105.000000	20.800000
118.000000	-17.386000	-24.008000	123.500000	-30.640000	-2.000000	119.200000	121.700000	19.000000	9.167000	131.293000	18.000000	-5.500000	18.500000	17.300000	15.000000	114.000000	20.100000
115.100000	-25.105000	-21.273000	120.000000	-17.386000	-2.900000	116.300000	119.200000	19.400000	3.667000	41.174000	19.000000	-4.900000	19.200000	18.500000	15.000000	113.600000	21.600000
114.000000	-9.490000	-17.276000	118.000000	-25.105000	-1.100000	114.200000	116.300000	20.100000	6.417000	25.418000	19.400000	-4.000000	19.600000	19.200000	15.000000	113.500000	22.300000
122.300000	-10.590000	-11.925000	125.000000	-13.263000	-1.200000	123.000000	124.000000	15.900000	3.667000	13.444000	15.500000	-2.700000	15.700000	15.300000	15.000000	120.000000	16.900000
121.600000	-6.165000	-8.375000	123.500000	-10.590000	-0.700000	121.900000	123.000000	16.300000	3.667000	13.444000	15.900000	-1.900000	16.100000	15.700000	15.000000	116.800000	17.800000
120.000000	-14.055000	-10.113000	122.300000	-6.165000	-1.600000	121.000000	121.900000	16.900000	5.500000	21.007000	16.300000	-2.300000	16.600000	16.100000	15.000000	115.500000	19.000000
116.800000	-27.999000	-21.033000	121.600000	-14.055000	-3.200000	118.700000	121.000000	17.800000	8.250000	47.266000	16.900000	-4.800000	17.400000	16.600000	20.000000	113.600000	19.700000
115.500000	-11.307000	-19.621000	120.000000	-27.999000	-1.300000	116.000000	118.700000	19.000000	11.000000	92.641000	17.800000	-4.500000	18.400000	17.400000	20.000000	111.300000	20.400000
113.600000	-16.433000	-13.888000	116.800000	-11.307000	-1.900000	114.800000	116.000000	19.700000	6.417000	75.835000	19.000000	-3.200000	19.500000	18.400000	25.000000	109.400000	21.700000
111.300000	-19.806000	-18.123000	115.500000	-16.433000	-2.300000	112.500000	114.800000	20.400000	6.417000	41.174000	19.700000	-4.200000	20.000000	19.500000	35.000000	106.600000	22.500000
117.300000	2.576000	-0.862000	117.500000	-4.331000	0.300000	116.700000	117.200000	21.200000	12.833000	164.695000	19.800000	-0.200000	20.800000	19.000000	15.000000	117.500000	21.000000
118.000000	5.990000	4.299000	117.000000	2.576000	0.700000	117.800000	116.700000	20.800000	-3.667000	21.007000	21.200000	1.000000	21.000000	20.800000	20.000000	117.800000	22.000000
117.500000	-4.282000	0.855000	117.300000	5.990000	-0.500000	118.000000	117.800000	21.000000	1.833000	0.840000	20.800000	0.200000	20.800000	21.000000	20.000000	118.000000	22.500000
117.800000	2.559000	-0.853000	118.000000	-4.282000	0.300000	117.500000	118.000000	22.000000	9.167000	30.250000	21.000000	-0.200000	21.500000	20.800000	25.000000	117.900000	23.200000
118.000000	1.697000	2.129000	117.500000	2.559000	0.200000	118.000000	117.500000	22.500000	4.583000	47.266000	22.000000	0.500000	22.500000	21.500000	25.000000	117.000000	23.600000
114.000000	-5.293000	-5.739000	115.300000	-6.188000	-0.600000	114.300000	115.000000	16.000000	4.583000	13.444000	15.500000	-1.300000	15.700000	15.400000	10.000000	109.500000	19.000000
112.000000	-17.542000	-11.417000	114.600000	-5.293000	-2.000000	113.500000	114.300000	17.800000	16.500000	111.127000	16.000000	-2.600000	16.800000	15.700000	12.000000	106.300000	18.000000
122.900000	-20.576000	-18.384000	127.000000	-16.177000	-2.300000	124.000000	126.300000	13.200000	11.000000	131.293000	12.000000	-4.100000	12.900000	11.300000	15.000000	117.100000	15.900000
120.200000	-24.051000	-22.325000	125.200000	-20.576000	-2.700000	122.000000	124.000000	14.100000	8.250000	92.641000	13.200000	-5.000000	13.500000	12.900000	15.000000	113.600000	17.500000
117.100000	-27.448000	-25.731000	122.900000	-24.051000	-3.100000	118.700000	122.000000	15.900000	16.500000	153.141000	14.100000	-5.800000	15.100000	13.500000	20.000000	110.700000	18.300000
113.600000	-30.730000	-29.107000	120.200000	-27.448000	-3.500000	115.300000	118.700000	17.500000	14.667000	242.840000	15.900000	-6.600000	16.700000	15.100000	25.000000	108.200000	18.600000
110.700000	-25.297000	-28.037000	117.100000	-30.730000	-2.900000	111.900000	115.300000	18.300000	7.333000	121.000000	17.500000	-6.400000	18.100000	16.700000	25.000000	106.800000	19.000000
108.200000	-21.739000	-23.532000	113.600000	-25.297000	-2.500000	109.500000	111.900000	18.600000	2.750000	25.418000	18.300000	-5.400000	18.400000	18.100000	30.000000	105.800000	19.200000
106.800000	-12.149000	-16.936000	110.700000	-21.739000	-1.400000	107.300000	109.500000	19.000000	3.667000	10.293000	18.600000	-3.900000	18.900000	18.400000	25.000000	103.100000	19.400000
121.800000	-16.487000	-15.670000	125.400000	-14.825000	-1.900000	122.800000	124.500000	19.100000	5.500000	60.710000	18.500000	-3.600000	18.800000	18.100000	20.000000	116.900000	19.700000
118.900000	-25.066000	-20.783000	123.700000	-16.487000	-2.900000	120.200000	122.800000	19.800000	6.417000	35.502000	19.100000	-4.800000	19.600000	18.800000	25.000000	114.900000	19.500000
116.900000	-17.255000	-21.183000	121.800000	-25.066000	-2.000000	118.000000	120.200000	19.700000	-0.917000	7.563000	19.800000	-4.900000	20.000000	19.600000	25.000000	114.000000	20.000000
114.900000	-17.271000	-17.266000	118.900000	-17.255000	-2.000000	116.000000	118.000000	19.500000	-1.833000	1.891000	19.700000	-4.000000	19.600000	20.000000	30.000000	112.600000	20.900000
114.000000	-7.765000	-12.502000	116.900000	-17.271000	-0.900000	114.400000	116.000000	20.000000	4.583000	1.891000	19.500000	-2.900000	19.700000	19.600000	30.000000	111.000000	21.800000
112.600000	-12.025000	-9.893000	114.900000	-7.765000	-1.400000	113.200000	114.400000	20.900000	8.250000	41.174000	20.000000	-2.300000	20.500000	19.700000	35.000000	109.200000	22.700000
111.000000	-13.660000	-12.845000	114.000000	-12.025000	-1.600000	112.000000	113.200000	21.800000	8.250000	68.063000	20.900000	-3.000000	21.300000	20.500000	35.000000	107.600000	24.000000
119.300000	-15.248000	-20.638000	123.900000	-26.031000	-1.700000	120.000000	122.500000	12.000000	1.833000	3.361000	11.800000	-4.600000	11.900000	11.700000	15.000000	116.400000	15.000000
117.500000	-16.115000	-15.673000	121.000000	-15.248000	-1.800000	118.200000	120.000000	12.800000	7.333000	21.007000	12.000000	-3.500000	12.300000	11.900000	20.000000	115.900000	16.200000
116.400000	-9.788000	-12.924000	119.300000	-16.115000	-1.100000	116.800000	118.200000	15.000000	20.167000	189.062000	12.800000	-2.900000	14.000000	12.300000	20.000000	115.700000	17.300000
115.900000	-4.414000	-7.100000	117.500000	-9.788000	-0.500000	116.100000	116.800000	16.200000	11.000000	242.840000	15.000000	-1.600000	15.700000	14.000000	20.000000	115.800000	17.600000
115.700000	-1.756000	-3.082000	116.400000	-4.414000	-0.200000	115.700000	116.100000	17.300000	10.083000	111.127000	16.200000	-0.700000	16.900000	15.700000	20.000000	115.700000	18.000000
115.800000	0.875000	-0.439000	115.900000	-1.756000	0.100000	115.800000	115.700000	17.600000	2.750000	41.174000	17.300000	-0.100000	17.500000	16.900000	20.000000	114.800000	17.800000
115.700000	-0.873000	0.000000	115.700000	0.875000	-0.100000	115.800000	115.800000	18.000000	3.667000	10.293000	17.600000	0.000000	17.800000	17.500000	20.000000	113.500000	17.500000
114.800000	-7.851000	-4.366000	115.800000	-0.873000	-0.900000	115.300000	115.800000	17.800000	-1.833000	0.840000	18.000000	-1.000000	18.000000	17.800000	20.000000	112.000000	17.200000
113.500000	-11.356000	-9.603000	115.700000	-7.851000	-1.300000	114.100000	115.300000	17.500000	-2.750000	5.252000	17.800000	-2.200000	17.700000	18.000000	20.000000	109.400000	16.700000
112.000000	-13.124000	-12.239000	114.800000	-11.356000	-1.500000	112.900000	114.100000	17.200000	-2.750000	7.563000	17.500000	-2.800000	17.400000	17.700000	20.000000	107.500000	17.200000
109.400000	-22.798000	-17.961000	113.500000	-13.124000	-2.600000	110.900000	112.900000	16.700000	-4.583000	13.444000	17.200000	-4.100000	16.900000	17.400000	20.000000	105.000000	18.000000
122.000000	-10.300000	-8.167000	123.900000	-6.024000	-1.200000	122.500000	123.600000	20.700000	2.750000	13.444000	20.400000	-1.900000	20.600000	20.100000	30.000000	119.200000	21.300000
120.500000	-12.850000	-11.576000	123.200000	-10.300000	-1.500000	121.400000	122.500000	21.000000	2.750000	7.563000	20.700000	-2.700000	20.800000	20.600000	30.000000	118.300000	21.900000
119.200000	-11.114000	-11.981000	122.000000	-12.850000	-1.300000	119.700000	121.400000	21.300000	2.750000	7.563000	21.000000	-2.800000	21.100000	20.800000	35.000000	117.600000	22.300000
118.300000	-7.671000	-9.385000	120.500000	-11.114000	-0.900000	118.800000	119.700000	21.900000	5.500000	17.016000	21.300000	-2.200000	21.500000	21.100000	45.000000	116.300000	23.100000
117.600000	-5.945000	-6.809000	119.200000	-7.671000	-0.700000	117.900000	118.800000	22.300000	3.667000	21.007000	21.900000	-1.600000	22.100000	21.500000	50.000000	114.000000	24.000000
122.700000	-15.692000	-16.178000	126.400000	-16.678000	-1.800000	123.600000	125.800000	18.700000	12.833000	131.293000	17.300000	-3.700000	17.900000	16.600000	15.000000	116.800000	20.000000
120.000000	-23.436000	-19.610000	124.500000	-15.692000	-2.700000	121.500000	123.600000	18.800000	0.917000	47.266000	18.700000	-4.500000	18.900000	17.900000	20.000000	113.600000	21.700000
116.800000	-27.668000	-25.514000	122.700000	-23.436000	-3.200000	118.400000	121.500000	20.000000	11.000000	35.502000	18.800000	-5.900000	19.300000	18.900000	25.000000	110.700000	22.500000
113.600000	-27.412000	-27.520000	120.000000	-27.668000	-3.200000	115.000000	118.400000	21.700000	15.583000	176.668000	20.000000	-6.400000	20.800000	19.300000	30.000000	108.000000	22.600000
115.000000	-5.231000	-8.720000	117.000000	-12.209000	-0.600000	115.300000	116.200000	18.000000	0.000000	0.210000	18.000000	-2.000000	18.000000	18.000000	12.000000	112.800000	18.200000
113.800000	-10.459000	-7.844000	115.600000	-5.231000	-1.200000	114.600000	115.300000	18.100000	0.917000	0.210000	18.000000	-1.800000	18.000000	18.000000	12.000000	112.100000	18.400000
112.800000	-8.711000	-9.584000	115.000000	-10.459000	-1.000000	113.200000	114.600000	18.200000	0.917000	0.840000	18.100000	-2.200000	18.100000	18.000000	15.000000	111.500000	18.600000
112.100000	-6.092000	-7.400000	113.800000	-8.711000	-0.700000	112.500000	113.200000	18.400000	1.833000	1.891000	18.200000	-1.700000	18.300000	18.100000	15.000000	111.300000	19.000000
111.500000	-5.216000	-5.654000	112.800000	-6.092000	-0.600000	111.700000	112.500000	18.600000	1.833000	3.361000	18.400000	-1.300000	18.400000	18.300000	15.000000	112.000000	19.600000
111.300000	-1.735000	-3.473000	112.100000	-5.216000	-0.200000	111.300000	111.700000	19.000000	3.667000	7.563000	18.600000	-0.800000	18.800000	18.400000	20.000000	112.400000	20.500000
112.000000	6.056000	2.166000	111.500000	-1.735000	0.700000	111.500000	111.300000	19.600000	5.500000	21.007000	19.000000	0.500000	19.200000	18.800000	25.000000	112.400000	21.100000
112.400000	3.444000	4.745000	111.300000	6.056000	0.400000	112.200000	111.500000	20.500000	8.250000	47.266000	19.600000	1.100000	20.200000	19.200000	30.000000	112.400000	22.300000
112.400000	0.000000	1.719000	112.000000	3.444000	0.000000	112.400000	112.200000	21.100000	5.500000	47.266000	20.500000	0.400000	20.800000	20.200000	40.000000	112.600000	22.800000
112.900000	-20.757000	-25.105000	118.700000	-29.530000	-2.400000	114.200000	117.000000	19.900000	10.083000	41.174000	18.800000	-5.800000	19.500000	18.600000	20.000000	111.300000	21.700000
111.600000	-11.187000	-15.976000	115.300000	-20.757000	-1.300000	111.900000	114.200000	20.400000	4.583000	53.778000	19.900000	-3.700000	20.100000	19.500000	20.000000	110.400000	23.200000
111.300000	-2.566000	-6.855000	112.900000	-11.187000	-0.300000	111.500000	111.900000	21.700000	11.917000	68.063000	20.400000	-1.600000	21.000000	20.100000	20.000000	109.200000	23.700000
110.400000	-7.625000	-5.107000	111.600000	-2.566000	-0.900000	111.200000	111.500000	23.200000	13.750000	164.695000	21.700000	-1.200000	22.500000	21.000000	15.000000	108.100000	24.300000
116.300000	7.068000	3.089000	115.600000	-0.882000	0.800000	115.500000	115.200000	15.400000	-0.917000	7.562000	15.500000	0.700000	15.500000	15.900000	20.000000	119.700000	19.700000
118.800000	22.034000	14.539000	115.500000	7.068000	2.500000	117.800000	115.500000	16.500000	10.083000	21.007000	15.400000	3.300000	15.600000	15.500000	20.000000	119.000000	23.000000
118.900000	8.798000	12.754000	116.000000	16.746000	1.000000	118.500000	117.000000	16.700000	7.333000	10.293000	15.900000	2.900000	16.300000	15.700000	15.000000	121.500000	19.600000
120.400000	13.128000	10.963000	117.900000	8.798000	1.500000	119.500000	118.500000	17.900000	11.000000	84.028000	16.700000	2.500000	17.100000	16.300000	20.000000	123.600000	20.300000
121.500000	9.548000	11.324000	118.900000	13.128000	1.100000	121.000000	119.500000	19.600000	15.583000	176.668000	17.900000	2.600000	18.700000	17.100000	20.000000	126.100000	20.600000
107.800000	6.864000	7.738000	106.000000	8.597000	0.800000	107.600000	106.200000	20.600000	0.000000	7.563000	20.600000	1.800000	20.600000	20.400000	10.000000	108.100000	20.900000
108.000000	1.716000	4.290000	107.000000	6.864000	0.200000	108.000000	107.600000	20.600000	0.000000	0.000000	20.600000	1.000000	20.600000	20.600000	12.000000	108.200000	21.200000
108.100000	0.857000	1.286000	107.800000	1.716000	0.100000	108.000000	108.000000	20.900000	2.750000	1.891000	20.600000	0.300000	20.600000	20.600000	12.000000	108.600000	22.000000
108.200000	0.855000	0.856000	108.000000	0.857000	0.100000	108.200000	108.000000	21.200000	2.750000	7.563000	20.900000	0.200000	21.200000	20.600000	15.000000	109.800000	23.300000
108.600000	3.409000	2.133000	108.100000	0.855000	0.400000	108.400000	108.200000	22.000000	7.333000	25.418000	21.200000	0.500000	21.600000	21.200000	15.000000	110.200000	23.800000
109.400000	16.260000	12.409000	106.500000	8.558000	1.900000	109.000000	106.500000	21.000000	0.000000	0.000000	21.000000	2.900000	20.800000	21.000000	10.000000	109.200000	20.600000
109.600000	1.714000	8.998000	107.500000	16.260000	0.200000	109.400000	109.000000	20.600000	-3.667000	3.361000	21.000000	2.100000	21.000000	20.800000	10.000000	109.200000	20.600000
109.200000	-3.432000	-0.857000	109.400000	1.714000	-0.400000	109.600000	109.400000	20.600000	0.000000	3.361000	20.600000	-0.200000	20.600000	21.000000	10.000000	108.600000	20.000000
109.200000	0.000000	-1.716000	109.600000	-3.432000	0.000000	109.200000	109.600000	20.600000	0.000000	0.000000	20.600000	-0.400000	20.600000	20.600000	12.000000	108.200000	18.800000
108.600000	-5.158000	-2.579000	109.200000	0.000000	-0.600000	109.000000	109.200000	20.000000	-5.500000	7.563000	20.600000	-0.600000	20.600000	20.600000	15.000000	107.800000	18.800000
108.200000	-3.458000	-4.315000	109.200000	-5.158000	-0.400000	108.200000	109.000000	18.800000	-11.000000	68.062000	20.000000	-1.000000	19.000000	20.600000	20.000000	106.500000	19.500000
107.800000	-3.471000	-3.458000	108.600000	-3.458000	-0.400000	108.200000	108.200000	18.800000	0.000000	30.250000	18.800000	-0.800000	18.800000	19.000000	20.000000	103.500000	19.000000
118.400000	-14.007000	-8.339000	120.300000	-2.643000	-1.600000	119.400000	120.300000	18.000000	13.750000	131.293000	16.500000	-1.900000	17.500000	15.500000	15.000000	114.000000	19.600000
116.000000	-20.893000	-17.485000	120.000000	-14.007000	-2.400000	117.100000	119.400000	18.500000	4.583000	84.028000	18.000000	-4.000000	18.200000	17.500000	20.000000	112.200000	20.100000
114.000000	-17.329000	-19.091000	118.400000	-20.893000	-2.000000	115.000000	117.100000	19.600000	10.083000	53.778000	18.500000	-4.400000	19.100000	18.200000	25.000000	110.700000	20.400000
112.200000	-15.520000	-16.438000	116.000000	-17.329000	-1.800000	113.200000	115.000000	20.100000	4.583000	53.778000	19.600000	-3.800000	20.000000	19.100000	25.000000	109.400000	20.400000
110.700000	-12.900000	-14.213000	114.000000	-15.520000	-1.500000	111.500000	113.200000	20.400000	2.750000	13.444000	20.100000	-3.300000	20.400000	20.000000	25.000000	107.800000	21.000000
109.400000	-11.169000	-12.040000	112.200000	-12.900000	-1.300000	110.000000	111.500000	20.400000	0.000000	1.891000	20.400000	-2.800000	20.400000	20.400000	30.000000	104.800000	21.200000
114.000000	-6.173000	-8.823000	116.000000	-11.478000	-0.700000	114.000000	115.400000	16.000000	2.750000	5.252000	15.700000	-2.000000	16.000000	15.500000	20.000000	110.200000	17.000000
111.700000	-20.231000	-13.204000	114.700000	-6.173000	-2.300000	112.800000	114.000000	16.700000	6.417000	21.007000	16.000000	-3.000000	16.200000	16.000000	20.000000	109.500000	16.500000
110.200000	-13.160000	-16.699000	114.000000	-20.231000	-1.500000	111.000000	112.800000	17.000000	2.750000	21.007000	16.700000	-3.800000	16.900000	16.200000	20.000000	108.800000	16.500000
109.500000	-6.144000	-9.663000	111.700000	-13.160000	-0.700000	110.200000	111.000000	16.500000	-4.583000	0.840000	17.000000	-2.200000	17.000000	16.900000	20.000000	109.500000	17.300000
108.800000	-6.152000	-6.144000	110.200000	-6.144000	-0.700000	109.100000	110.200000	16.500000	0.000000	5.252000	16.500000	-1.400000	16.300000	17.000000	20.000000	108.300000	19.200000
109.500000	6.140000	0.000000	109.500000	-6.152000	0.700000	109.100000	109.100000	17.300000	7.333000	13.444000	16.500000	0.000000	16.700000	16.300000	20.000000	107.600000	19.800000
108.300000	-10.447000	-2.181000	108.800000	6.140000	-1.200000	109.400000	109.100000	19.200000	17.417000	153.141000	17.300000	-0.500000	18.500000	16.700000	20.000000	106.800000	21.200000
107.600000	-6.049000	-8.256000	109.500000	-10.447000	-0.700000	107.800000	109.400000	19.800000	5.500000	131.293000	19.200000	-1.900000	19.600000	18.500000	20.000000	104.500000	20.800000
123.000000	-20.040000	-13.153000	126.000000	-6.148000	-2.300000	124.200000	126.500000	18.400000	5.500000	176.668000	17.800000	-3.000000	18.200000	17.200000	15.000000	118.500000	19.500000
120.500000	-21.732000	-20.899000	125.300000	-20.040000	-2.500000	121.500000	124.200000	18.600000	1.833000	13.444000	18.400000	-4.800000	18.500000	18.200000	20.000000	116.600000	20.300000
118.500000	-17.329000	-19.507000	123.000000	-21.732000	-2.000000	119.700000	121.500000	19.500000	8.250000	25.418000	18.600000	-4.500000	19.000000	18.500000	20.000000	113.400000	19.800000
116.600000	-16.377000	-16.855000	120.500000	-17.329000	-1.900000	117.700000	119.700000	20.300000	7.333000	60.710000	19.500000	-3.900000	20.400000	19.000000	20.000000	111.000000	19.000000
113.400000	-27.556000	-22.014000	118.500000	-16.377000	-3.200000	115.300000	117.700000	19.800000	-4.583000	1.891000	20.300000	-5.100000	20.100000	20.400000	20.000000	109.000000	18.900000
111.000000	-20.751000	-24.172000	116.600000	-27.556000	-2.400000	112.000000	115.300000	19.000000	-7.333000	35.502000	19.800000	-5.600000	19.200000	20.100000	25.000000	106.700000	18.700000
109.000000	-17.340000	-19.027000	113.400000	-20.751000	-2.000000	110.000000	112.000000	18.900000	-0.917000	17.016000	19.000000	-4.400000	18.900000	19.200000	25.000000	105.000000	18.500000
119.500000	-6.970000	-6.553000	121.000000	-6.120000	-0.800000	119.500000	120.800000	18.200000	1.833000	30.250000	18.000000	-1.500000	18.200000	17.500000	15.000000	117.800000	19.200000
118.500000	-8.690000	-7.826000	120.300000	-6.970000	-1.000000	119.100000	119.500000	18.900000	6.417000	17.016000	18.200000	-1.800000	18.700000	18.200000	15.000000	117.500000	19.300000
117.800000	-6.065000	-7.380000	119.500000	-8.690000	-0.700000	118.000000	119.100000	19.200000	2.750000	21.007000	18.900000	-1.700000	19.000000	18.700000	18.000000	117.000000	20.000000
117.500000	-2.596000	-4.331000	118.500000	-6.065000	-0.300000	117.500000	118.000000	19.300000	0.917000	3.361000	19.200000	-1.000000	19.300000	19.000000	20.000000	116.800000	22.600000
117.000000	-4.316000	-3.454000	117.800000	-2.596000	-0.500000	117.300000	117.500000	20.000000	6.417000	13.444000	19.300000	-0.800000	19.400000	19.300000	25.000000	116.600000	25.800000
116.800000	-1.708000	-2.996000	117.500000	-4.316000	-0.200000	117.000000	117.300000	22.600000	23.833000	228.766000	20.000000	-0.700000	21.300000	19.400000	30.000000	116.000000	29.000000
120.300000	-27.693000	-29.477000	127.100000	-31.221000	-3.200000	121.800000	125.300000	19.300000	0.917000	10.293000	19.200000	-6.800000	19.400000	18.800000	18.000000	116.000000	18.000000
118.200000	-18.212000	-22.989000	123.500000	-27.693000	-2.100000	119.300000	121.800000	18.500000	-7.333000	10.293000	19.300000	-5.300000	18.900000	19.400000	20.000000	115.500000	19.000000
116.000000	-19.152000	-18.673000	120.300000	-18.212000	-2.200000	116.800000	119.300000	18.000000	-4.583000	35.502000	18.500000	-4.300000	17.800000	18.900000	23.000000	115.000000	20.800000
115.500000	-4.346000	-11.718000	118.200000	-19.152000	-0.500000	115.600000	116.800000	19.000000	9.167000	5.252000	18.000000	-2.700000	18.300000	17.800000	25.000000	114.700000	22.500000
115.000000	-4.310000	-4.323000	116.000000	-4.346000	-0.500000	115.300000	115.600000	20.800000	16.500000	164.695000	19.000000	-1.000000	20.000000	18.300000	30.000000	114.500000	24.100000
114.700000	-2.556000	-3.429000	115.500000	-4.310000	-0.300000	114.700000	115.300000	22.500000	15.583000	257.335000	20.800000	-0.800000	21.400000	20.000000	30.000000	115.400000	26.500000
111.900000	-2.627000	-3.075000	112.600000	-3.527000	-0.300000	112.000000	112.300000	17.900000	12.833000	153.141000	16.500000	-0.700000	17.100000	15.800000	18.000000	111.700000	19.500000
112.100000	1.739000	-0.437000	112.200000	-2.627000	0.200000	112.100000	112.000000	19.000000	10.083000	131.293000	17.900000	-0.100000	18.500000	17.100000	20.000000	110.800000	20.400000
111.700000	-3.462000	-0.868000	111.900000	1.739000	-0.400000	112.000000	112.100000	19.500000	4.583000	53.778000	19.000000	-0.200000	19.300000	18.500000	20.000000	109.400000	21.200000
